list( N = 463 , trend = c( -0.1440398, -0.187413, -0.1085005, 0.398845, 
-0.1730629, -0.03127639, 0.03576479, 0.1090282, 0.09120072, 0.02543328, 
0.04812909, 0.05331144, 0.08121512, 0.003796713, 0.03690405, 0.07371591, 
0.01803686, -0.01174813, -0.03266316, NA, 0.0002157386, -0.003117567, 
-0.05557362, 0.07608123, -0.1108546, NA, 0.01358426, -0.0509316, NA, 
-0.1009743, 0.02586444, 0.03730565, 0.03007977, 0.04846603, 0.07146438, 
-0.07075862, NA, -0.004411605, 0.06809407, 0.02485855, -0.3582176, -0.06588109, 
-0.2617645, 0.07840045, 0.08486488, -0.03503739, 0.03600624, NA, -0.004014796, 
-0.0412527, 0.2462333, -0.4010224, 0.05358034, -0.01680791, 0.07869287, 
-0.03561251, 0.0144164, 0.1398013, 0.02352603, -0.06520316, 0.1429614, 
-0.08199749, 0.03918109, 0.007133021, -0.03721918, 0.0196447, -0.1251358, NA, 
0.04119272, -0.06794691, 0.01681066, 0.05103079, 0.04578852, -0.1088497, 
0.07834198, 0.04772204, NA, NA, NA, NA, 0.05420583, 0.06708765, NA, NA, NA, 
-0.0007016427, 0.03225099, 0.04872454, 0.07699783, -0.217156, 0.06537097, 
0.2368694, -0.08413878, 0.1276653, -0.145971, -0.07431867, -0.2057304, 
0.04903873, NA, -0.2817358, -0.001212949, 0.0354141, -0.01600854, 0.08720013, 
NA, NA, NA, NA, NA, NA, NA, NA, NA, NA, NA, NA, NA, NA, NA, NA, NA, NA, NA, NA, 
NA, NA, NA, -0.06107744, -0.01176219, -0.2658272, 0.0742832, NA, -0.07238104, 
0.03649035, 0.8352279, 0.06917803, -0.01500555, NA, NA, -0.1694471, NA, 
0.07884167, -0.05043217, 0.06137951, 0.07888521, 0.002966047, 0.07480698, 
-0.09380423, 0.02254629, 0.06317778, NA, 0.01879155, 0.01506477, 0.02744931, 
NA, -0.009611244, -0.1819226, 0.1525204, -0.03434252, 0.05675886, NA, 
0.1562306, 0.0767167, 0.07912264, 0.04623573, 0.03566874, 0.05432751, 
-0.1822623, NA, NA, NA, NA, NA, NA, NA, NA, NA, NA, NA, NA, NA, NA, -0.0806545, 
-0.0955467, -0.02191148, 0.1508825, -0.03612572, 0.003509483, NA, 0.00370078, 
-0.02514381, 0.1108425, NA, -0.0147337, 0.05075118, 0.06947721, 0.05912869, 
0.04461441, 0.06708705, 0.038957, 0.03015844, 0.004594564, 0.04952552, 
0.06136294, 0.08033592, 0.08538134, 0.1622048, 0.09582654, 0.09395081, 
-0.06404836, 0.08083895, 0.07162898, 0.03344496, -0.1385285, -0.1086653, NA, 
NA, NA, 0.02250061, -0.2701176, NA, -0.3440383, -0.0383348, 0.01219171, NA, 
0.03537179, 0.02471861, 0.003594753, 0.1173939, 0.1330639, 0.01347183, 
0.09841205, 0.03236721, -0.2108752, -0.09599494, NA, 0.01161752, NA, 
0.01224233, 0.1020364, 0.1874434, NA, -0.06791002, 0.08208562, 0.009496246, 
0.0352599, 0.1340536, 0.0822233, 0.2085009, 0.1177495, 0.04140056, 0.00858863, 
0.03658824, -0.2849821, 0.1255116, 0.05677117, 0.0531208, -0.07337917, 
-0.2246296, 0.0568373, -0.03345483, 0.07140217, 0.01759334, NA, 0.03623366, 
0.1147133, 0.03276707, 0.005018579, -0.01116795, 0.0327248, 0.03170033, 
0.05874549, NA, NA, 0.1131026, NA, 0.03840227, 0.008566159, -0.01164352, 
-0.1846392, 0.02315685, -0.03282651, -0.004872861, 0.04018093, NA, 0.0512459, 
0.05012165, 0.04529748, 0.09781837, -0.04522319, -0.1696419, -0.004017781, 
-0.5835541, -0.2741521, -0.0129843, NA, 0.02332328, -0.08175515, -0.2120298, 
NA, 0.1104797, -0.0006229419, -0.1317049, 0.04226619, NA, 0.1166527, NA, 
0.1256096, 0.01000866, 0.02972954, 0.03226529, NA, 0.05416259, NA, NA, NA, NA, 
NA, NA, NA, NA, NA, NA, -0.3136012, -0.05608366, 0.07629335, 0.04411196, 
-0.2103007, -0.08305808, -0.07721738, -0.240838, NA, 0.00488032, 0.07973874, 
-0.03728546, NA, -0.009349743, NA, 0.08585059, -0.1370819, NA, 0.488885, 
0.06073159, -0.06339773, 0.02033265, 0.06704482, 0.2623353, -0.03079655, 
-0.01503656, 0.1439202, NA, -0.1454823, -0.02940049, -0.08235877, -0.007864089, 
0.1095354, NA, 0.136817, NA, -0.02589161, 0.07439264, -0.003550143, 0.08460795, 
0.2057568, 0.05941625, 0.1539242, -0.1239322, 0.07301685, 0.117459, 
-0.007777164, -0.3769353, -0.1067879, -0.2827466, -0.05175216, -0.2994617, 
-0.02770617, -0.005211114, NA, -0.1544975, -0.1952438, -0.1536674, NA, 
-0.08434146, 0.133853, -0.02448848, NA, -0.08722041, NA, NA, NA, -0.4154474, 
NA, NA, NA, NA, NA, NA, NA, NA, NA, NA, NA, NA, NA, NA, NA, NA, NA, NA, NA, NA, 
NA, NA, NA, NA, NA, NA, NA, NA, NA, NA, NA, NA, NA, NA, NA, NA, NA, NA, NA, NA, 
NA, NA, NA, -0.02908416, 0.5971425, NA, NA, -0.07631651, NA, 0.03596349, 
-0.01880706, NA, 0.03329495, 0.3834855, -0.007175264, 0.2096298, -0.07709075, 
0.08909187, -0.2098713, -0.1695947, -0.09047556, 0.06767716, NA, -0.01278171, 
NA, NA, NA, NA, NA, NA, NA, NA) , stockid = c( 3, 3, 3, 3, 3, 3, 3, 3, 3, 3, 3, 
3, 3, 3, 3, 3, 3, 3, 3, 3, 3, 3, 3, 3, 3, 3, 3, 3, 3, 3, 3, 3, 3, 3, 3, 3, 3, 
3, 3, 3, 3, 3, 3, 3, 3, 3, 3, 3, 3, 3, 3, 3, 3, 3, 3, 3, 3, 3, 3, 3, 3, 3, 3, 
3, 3, 3, 3, 3, 3, 3, 3, 3, 3, 3, 2, 2, 3, 2, 2, 2, 1, 1, 3, 3, 3, 3, 3, 3, 3, 
3, 3, 3, 1, 1, 1, 1, 1, 1, 4, 4, 4, 4, 4, 4, 3, 3, 3, 3, 3, 3, 3, 3, 3, 3, 3, 
3, 3, 3, 3, 3, 3, 3, 3, 3, 3, 3, 3, 2, 2, 4, 4, 4, 1, 1, 1, 1, 1, 1, 1, 1, 1, 
1, 1, 1, 2, 2, 1, 1, 1, 1, 1, 1, 1, 1, 1, 4, 4, 2, 2, 2, 2, 2, 2, 2, 5, 5, 5, 
5, 3, 3, 3, 3, 5, 5, 5, 5, 2, 5, 5, 5, 5, 1, 1, 1, 1, 1, 1, 4, 4, 2, 2, 2, 2, 
2, 2, 2, 2, 3, 3, 3, 3, 3, 3, 3, 3, 3, 2, 2, 2, 2, 2, 2, 5, 5, 5, 3, 3, 3, 3, 
3, 3, 1, 1, 4, 4, 2, 2, 2, 2, 2, 2, 2, 2, 4, 4, 4, 2, 2, 2, 2, 2, 4, 4, 2, 2, 
2, 2, 2, 2, 2, 2, 2, 2, 4, 4, 2, 2, 4, 4, 2, 3, 3, 3, 2, 2, 2, 2, 2, 2, 2, 2, 
2, 3, 3, 3, 3, 3, 3, 2, 3, 3, 2, 2, 2, 2, 2, 5, 5, 5, 5, 5, 5, 5, 5, 1, 1, 1, 
5, 5, 5, 5, 4, 5, 5, 5, 5, 5, 5, 4, 1, 1, 1, 1, 2, 5, 2, 2, 2, 2, 2, 2, 2, 2, 
5, 5, 5, 5, 5, 5, 5, 5, 5, 5, 5, 5, 5, 5, 5, 5, 1, 1, 1, 1, 1, 1, 1, 1, 1, 5, 
5, 5, 5, 5, 5, 5, 5, 5, 5, 4, 4, 1, 1, 1, 1, 1, 1, 1, 1, 1, 1, 1, 1, 1, 1, 4, 
4, 4, 4, 4, 4, 4, 4, 4, 4, 4, 4, 4, 4, 4, 4, 4, 4, 4, 4, 4, 4, 4, 4, 4, 1, 1, 
5, 5, 5, 5, 5, 5, 5, 5, 5, 5, 3, 5, 1, 1, 1, 4, 4, 1, 1, 1, 1, 1, 1, 1, 1, 1, 
1, 1, 1, 1, 4, 4, 4, 3, 3, 3, 3, 1, 3, 3, 4, 3, 4, 5, 5, 3, 3, 1, 3, 3, 3, 3, 
3, 3, 3, 4, 3, 3, 3, 4, 3, 2) , adj = c( 4, 61, 3, 456, 2, 4, 61, 456, 1, 3, 5, 
61, 4, 40, 7, 26, 29, 89, 90, 110, 6, 8, 109, 110, 7, 9, 10, 11, 86, 89, 8, 86, 
89, 8, 11, 12, 86, 88, 8, 10, 12, 10, 11, 87, 88, 24, 84, 57, 60, 62, 84, 85, 
91, 105, 17, 105, 16, 18, 17, 19, 22, 18, 22, 106, 106, 107, 22, 106, 18, 19, 
21, 23, 22, 108, 13, 108, 26, 27, 109, 110, 6, 25, 27, 28, 29, 110, 25, 26, 28, 
111, 26, 27, 29, 6, 26, 28, 89, 90, 105, 65, 123, 124, 125, 32, 126, 262, 281, 
31, 33, 34, 125, 281, 32, 34, 35, 281, 32, 33, 35, 36, 33, 34, 36, 34, 35, 77, 
39, 66, 68, 77, 39, 68, 37, 38, 66, 68, 69, 5, 44, 112, 42, 112, 41, 43, 42, 
40, 45, 53, 109, 112, 44, 46, 47, 52, 53, 45, 45, 48, 52, 113, 116, 117, 47, 
113, 50, 51, 114, 115, 49, 107, 115, 49, 113, 115, 116, 45, 47, 53, 117, 44, 
45, 52, 109, 117, 55, 92, 119, 54, 119, 274, 57, 59, 119, 120, 121, 14, 56, 58, 
60, 85, 120, 121, 57, 85, 92, 56, 119, 120, 124, 125, 447, 14, 57, 62, 121, 1, 
3, 4, 455, 456, 14, 60, 63, 84, 458, 62, 64, 63, 122, 30, 122, 123, 37, 39, 67, 
66, 69, 127, 37, 38, 39, 39, 67, 70, 71, 69, 71, 69, 70, 72, 71, 73, 199, 72, 
74, 198, 199, 73, 198, 76, 160, 240, 244, 75, 128, 159, 160, 36, 37, 227, 237, 
238, 239, 211, 463, 191, 192, 195, 144, 147, 154, 97, 98, 370, 416, 125, 126, 
169, 273, 447, 13, 14, 62, 14, 57, 58, 92, 118, 8, 9, 10, 88, 436, 12, 88, 437, 
10, 12, 86, 87, 436, 6, 8, 9, 29, 90, 6, 29, 89, 91, 105, 15, 90, 54, 58, 85, 
118, 95, 374, 415, 95, 96, 415, 93, 94, 96, 97, 415, 94, 95, 97, 98, 82, 95, 
96, 98, 82, 96, 97, 416, 100, 104, 234, 360, 99, 104, 360, 102, 157, 224, 242, 
101, 242, 104, 360, 384, 398, 99, 100, 103, 360, 417, 15, 16, 29, 90, 19, 20, 
21, 107, 20, 50, 106, 115, 23, 24, 7, 25, 44, 53, 110, 6, 7, 25, 26, 109, 27, 
40, 41, 44, 47, 48, 51, 114, 116, 49, 113, 49, 50, 51, 107, 47, 51, 113, 117, 
47, 52, 53, 116, 85, 92, 54, 55, 56, 59, 56, 57, 59, 121, 122, 124, 56, 57, 60, 
120, 64, 65, 120, 123, 30, 65, 122, 30, 59, 120, 30, 32, 59, 83, 126, 31, 83, 
125, 262, 67, 76, 129, 158, 244, 314, 128, 240, 244, 314, 317, 302, 132, 417, 
418, 131, 417, 449, 418, 419, 449, 136, 419, 135, 137, 361, 362, 136, 138, 361, 
362, 363, 137, 361, 363, 420, 431, 141, 420, 140, 142, 141, 143, 142, 144, 81, 
143, 147, 146, 161, 162, 319, 145, 210, 81, 144, 148, 154, 422, 147, 149, 422, 
148, 150, 421, 422, 149, 151, 421, 150, 363, 364, 425, 153, 421, 152, 422, 81, 
147, 155, 422, 154, 156, 155, 157, 224, 225, 101, 156, 224, 128, 159, 212, 245, 
314, 76, 158, 160, 161, 212, 75, 76, 159, 161, 162, 319, 145, 159, 160, 211, 
319, 145, 160, 319, 192, 251, 252, 253, 285, 252, 260, 285, 166, 167, 356, 165, 
181, 306, 307, 165, 315, 356, 305, 315, 83, 170, 273, 274, 275, 169, 274, 275, 
276, 412, 217, 275, 276, 277, 181, 287, 304, 411, 287, 288, 289, 176, 291, 292, 
294, 175, 178, 292, 294, 298, 272, 282, 284, 295, 176, 292, 294, 298, 299, 294, 
299, 300, 301, 302, 166, 173, 304, 308, 411, 183, 313, 182, 184, 185, 183, 185, 
183, 184, 186, 185, 187, 186, 222, 223, 400, 189, 225, 188, 235, 191, 196, 260, 
285, 286, 80, 190, 196, 286, 80, 163, 193, 194, 192, 192, 195, 80, 194, 197, 
279, 190, 191, 197, 195, 196, 279, 73, 74, 199, 72, 73, 198, 200, 201, 199, 
201, 199, 200, 202, 203, 204, 201, 203, 204, 201, 202, 204, 201, 202, 203, 205, 
204, 206, 205, 207, 206, 208, 207, 209, 226, 208, 226, 227, 146, 211, 79, 161, 
210, 212, 158, 159, 211, 245, 214, 401, 213, 215, 214, 216, 215, 217, 276, 171, 
216, 218, 217, 219, 218, 220, 261, 219, 221, 261, 220, 187, 223, 265, 313, 187, 
222, 264, 400, 101, 156, 157, 225, 156, 188, 224, 208, 209, 227, 78, 209, 226, 
237, 229, 230, 316, 228, 230, 252, 228, 229, 231, 232, 230, 233, 322, 230, 233, 
248, 249, 320, 231, 232, 247, 248, 318, 99, 359, 189, 236, 442, 235, 242, 359, 
78, 227, 238, 78, 237, 239, 78, 238, 240, 75, 129, 239, 244, 317, 248, 318, 
101, 102, 236, 359, 255, 258, 390, 75, 128, 129, 240, 158, 212, 246, 256, 314, 
321, 245, 247, 256, 321, 233, 246, 256, 318, 321, 232, 233, 241, 318, 232, 250, 
320, 249, 251, 253, 163, 250, 252, 253, 163, 164, 229, 251, 285, 163, 250, 251, 
390, 432, 243, 390, 432, 245, 246, 247, 321, 316, 321, 243, 259, 397, 258, 375, 
164, 190, 285, 219, 220, 262, 273, 31, 126, 261, 263, 262, 266, 223, 265, 222, 
264, 266, 267, 263, 265, 265, 268, 312, 267, 269, 268, 270, 311, 323, 269, 271, 
270, 272, 284, 323, 177, 271, 284, 295, 323, 83, 169, 261, 55, 169, 170, 447, 
169, 170, 171, 170, 172, 216, 412, 172, 278, 277, 324, 195, 197, 280, 279, 281, 
31, 32, 33, 280, 443, 177, 283, 284, 282, 177, 271, 272, 282, 163, 164, 190, 
252, 260, 286, 190, 191, 285, 173, 174, 304, 338, 174, 289, 303, 174, 288, 290, 
289, 291, 175, 290, 294, 175, 176, 178, 293, 298, 292, 175, 176, 178, 179, 291, 
298, 177, 272, 296, 297, 295, 297, 311, 323, 295, 296, 310, 311, 176, 178, 292, 
294, 178, 179, 179, 301, 180, 300, 130, 180, 432, 288, 304, 358, 173, 181, 287, 
303, 411, 168, 306, 315, 166, 305, 307, 166, 306, 308, 336, 181, 307, 411, 382, 
297, 311, 312, 269, 296, 297, 310, 312, 323, 267, 310, 311, 313, 182, 222, 312, 
128, 129, 158, 245, 321, 167, 168, 305, 355, 228, 257, 322, 129, 240, 233, 241, 
247, 248, 145, 160, 161, 162, 232, 249, 245, 246, 247, 256, 257, 314, 322, 231, 
316, 321, 269, 271, 272, 296, 311, 278, 326, 326, 353, 324, 325, 327, 326, 328, 
402, 327, 402, 330, 402, 329, 403, 404, 332, 333, 403, 404, 331, 333, 404, 405, 
331, 332, 406, 407, 336, 407, 408, 336, 408, 446, 307, 334, 335, 408, 409, 409, 
410, 445, 287, 410, 411, 340, 358, 339, 414, 342, 414, 341, 343, 342, 344, 343, 
345, 344, 346, 345, 347, 439, 346, 348, 347, 349, 348, 350, 352, 349, 352, 413, 
349, 350, 353, 354, 325, 352, 352, 355, 315, 354, 356, 165, 167, 355, 406, 303, 
339, 234, 236, 242, 99, 100, 103, 104, 136, 137, 138, 362, 136, 137, 361, 137, 
138, 151, 364, 151, 363, 365, 424, 425, 364, 366, 365, 367, 366, 368, 367, 423, 
426, 428, 429, 82, 430, 372, 430, 431, 371, 431, 374, 429, 93, 373, 259, 376, 
392, 375, 377, 391, 392, 376, 391, 394, 395, 396, 457, 380, 381, 393, 396, 379, 
381, 397, 379, 380, 397, 309, 383, 397, 382, 384, 398, 103, 383, 385, 386, 398, 
384, 386, 384, 385, 387, 386, 399, 433, 434, 393, 394, 444, 243, 254, 255, 432, 
376, 377, 392, 375, 376, 391, 393, 379, 389, 392, 444, 378, 389, 395, 396, 378, 
394, 378, 379, 394, 457, 258, 380, 381, 382, 103, 383, 384, 387, 433, 187, 223, 
401, 213, 400, 327, 328, 329, 330, 331, 330, 331, 332, 405, 413, 332, 404, 413, 
333, 357, 407, 333, 334, 406, 334, 335, 336, 446, 336, 337, 410, 337, 338, 409, 
411, 173, 181, 304, 308, 338, 410, 170, 276, 440, 351, 404, 405, 340, 341, 93, 
94, 95, 82, 98, 104, 131, 133, 418, 131, 134, 417, 449, 134, 135, 139, 140, 
149, 150, 152, 147, 148, 149, 153, 154, 368, 424, 426, 364, 423, 425, 426, 427, 
151, 364, 424, 426, 427, 369, 423, 424, 425, 427, 428, 424, 425, 426, 428, 369, 
426, 427, 369, 373, 370, 371, 139, 371, 372, 254, 255, 302, 390, 388, 399, 434, 
388, 433, 461, 437, 86, 88, 438, 87, 435, 436, 346, 412, 459, 462, 235, 281, 
389, 393, 337, 335, 408, 59, 83, 274, 450, 462, 133, 134, 418, 448, 460, 452, 
460, 451, 453, 455, 456, 460, 452, 455, 456, 459, 61, 452, 453, 456, 2, 3, 61, 
452, 453, 455, 378, 396, 62, 441, 454, 450, 451, 452, 434, 441, 448, 79) , num 
= c( 2, 2, 4, 4, 2, 6, 4, 6, 3, 5, 3, 4, 2, 5, 2, 2, 2, 3, 3, 2, 2, 4, 2, 2, 4, 
6, 4, 3, 6, 4, 4, 5, 4, 4, 3, 3, 4, 2, 5, 3, 2, 2, 1, 5, 5, 1, 6, 2, 4, 3, 4, 
4, 5, 3, 3, 5, 7, 3, 6, 4, 5, 5, 2, 2, 3, 3, 3, 3, 4, 2, 3, 3, 4, 2, 4, 4, 2, 
4, 2, 3, 3, 4, 5, 3, 5, 5, 3, 5, 5, 5, 2, 4, 3, 3, 5, 4, 4, 4, 4, 3, 4, 2, 4, 
5, 4, 4, 4, 2, 5, 5, 1, 3, 5, 2, 4, 4, 4, 2, 4, 6, 4, 4, 3, 3, 5, 4, 1, 5, 5, 
1, 3, 1, 2, 3, 2, 4, 5, 3, 2, 2, 2, 2, 2, 3, 4, 2, 5, 3, 4, 3, 4, 2, 2, 4, 2, 
4, 3, 5, 5, 6, 5, 3, 5, 3, 3, 4, 3, 2, 5, 5, 2, 2, 4, 3, 4, 5, 4, 5, 3, 2, 5, 
2, 3, 2, 3, 2, 4, 2, 2, 5, 4, 4, 1, 2, 4, 3, 3, 3, 5, 2, 5, 3, 3, 4, 2, 2, 2, 
3, 3, 2, 4, 4, 2, 2, 2, 3, 3, 2, 3, 3, 1, 4, 4, 4, 3, 3, 4, 3, 3, 4, 3, 5, 5, 
2, 3, 3, 3, 3, 3, 5, 2, 4, 3, 4, 6, 4, 5, 4, 3, 3, 4, 5, 3, 2, 3, 4, 2, 3, 2, 
3, 4, 4, 2, 2, 4, 2, 3, 2, 4, 2, 4, 5, 3, 4, 3, 4, 2, 2, 3, 2, 5, 3, 1, 4, 6, 
3, 4, 3, 3, 2, 3, 5, 1, 6, 4, 4, 4, 4, 2, 2, 2, 3, 3, 5, 3, 3, 4, 3, 1, 3, 6, 
4, 3, 5, 4, 3, 2, 4, 4, 2, 7, 3, 5, 2, 2, 3, 3, 2, 2, 3, 4, 4, 4, 3, 3, 5, 3, 
3, 2, 2, 2, 2, 2, 2, 2, 3, 2, 2, 3, 2, 1, 4, 2, 2, 3, 3, 1, 2, 3, 4, 4, 3, 4, 
5, 2, 2, 2, 2, 3, 2, 3, 2, 2, 2, 3, 4, 2, 4, 4, 3, 3, 3, 3, 5, 2, 3, 2, 2, 3, 
4, 3, 4, 4, 4, 2, 4, 4, 3, 2, 3, 2, 3, 2, 5, 3, 3, 3, 4, 3, 4, 6, 3, 3, 2, 3, 
2, 4, 4, 2, 2, 3, 5, 3, 5, 5, 6, 4, 3, 2, 2, 3, 4, 3, 3, 1, 3, 2, 1, 1, 1, 2, 
1, 1, 2, 1, 2, 3, 2, 3, 2, 2, 5, 3, 1, 4, 6, 2, 1, 2, 3, 1, 2, 1) , weights 
= c( 1, 1, 1, 1, 1, 1, 1, 1, 1, 1, 1, 1, 1, 1, 1, 1, 1, 1, 1, 1, 1, 1, 1, 1, 1, 
1, 1, 1, 1, 1, 1, 1, 1, 1, 1, 1, 1, 1, 1, 1, 1, 1, 1, 1, 1, 1, 1, 1, 1, 1, 1, 
1, 1, 1, 1, 1, 1, 1, 1, 1, 1, 1, 1, 1, 1, 1, 1, 1, 1, 1, 1, 1, 1, 1, 1, 1, 1, 
1, 1, 1, 1, 1, 1, 1, 1, 1, 1, 1, 1, 1, 1, 1, 1, 1, 1, 1, 1, 1, 1, 1, 1, 1, 1, 
1, 1, 1, 1, 1, 1, 1, 1, 1, 1, 1, 1, 1, 1, 1, 1, 1, 1, 1, 1, 1, 1, 1, 1, 1, 1, 
1, 1, 1, 1, 1, 1, 1, 1, 1, 1, 1, 1, 1, 1, 1, 1, 1, 1, 1, 1, 1, 1, 1, 1, 1, 1, 
1, 1, 1, 1, 1, 1, 1, 1, 1, 1, 1, 1, 1, 1, 1, 1, 1, 1, 1, 1, 1, 1, 1, 1, 1, 1, 
1, 1, 1, 1, 1, 1, 1, 1, 1, 1, 1, 1, 1, 1, 1, 1, 1, 1, 1, 1, 1, 1, 1, 1, 1, 1, 
1, 1, 1, 1, 1, 1, 1, 1, 1, 1, 1, 1, 1, 1, 1, 1, 1, 1, 1, 1, 1, 1, 1, 1, 1, 1, 
1, 1, 1, 1, 1, 1, 1, 1, 1, 1, 1, 1, 1, 1, 1, 1, 1, 1, 1, 1, 1, 1, 1, 1, 1, 1, 
1, 1, 1, 1, 1, 1, 1, 1, 1, 1, 1, 1, 1, 1, 1, 1, 1, 1, 1, 1, 1, 1, 1, 1, 1, 1, 
1, 1, 1, 1, 1, 1, 1, 1, 1, 1, 1, 1, 1, 1, 1, 1, 1, 1, 1, 1, 1, 1, 1, 1, 1, 1, 
1, 1, 1, 1, 1, 1, 1, 1, 1, 1, 1, 1, 1, 1, 1, 1, 1, 1, 1, 1, 1, 1, 1, 1, 1, 1, 
1, 1, 1, 1, 1, 1, 1, 1, 1, 1, 1, 1, 1, 1, 1, 1, 1, 1, 1, 1, 1, 1, 1, 1, 1, 1, 
1, 1, 1, 1, 1, 1, 1, 1, 1, 1, 1, 1, 1, 1, 1, 1, 1, 1, 1, 1, 1, 1, 1, 1, 1, 1, 
1, 1, 1, 1, 1, 1, 1, 1, 1, 1, 1, 1, 1, 1, 1, 1, 1, 1, 1, 1, 1, 1, 1, 1, 1, 1, 
1, 1, 1, 1, 1, 1, 1, 1, 1, 1, 1, 1, 1, 1, 1, 1, 1, 1, 1, 1, 1, 1, 1, 1, 1, 1, 
1, 1, 1, 1, 1, 1, 1, 1, 1, 1, 1, 1, 1, 1, 1, 1, 1, 1, 1, 1, 1, 1, 1, 1, 1, 1, 
1, 1, 1, 1, 1, 1, 1, 1, 1, 1, 1, 1, 1, 1, 1, 1, 1, 1, 1, 1, 1, 1, 1, 1, 1, 1, 
1, 1, 1, 1, 1, 1, 1, 1, 1, 1, 1, 1, 1, 1, 1, 1, 1, 1, 1, 1, 1, 1, 1, 1, 1, 1, 
1, 1, 1, 1, 1, 1, 1, 1, 1, 1, 1, 1, 1, 1, 1, 1, 1, 1, 1, 1, 1, 1, 1, 1, 1, 1, 
1, 1, 1, 1, 1, 1, 1, 1, 1, 1, 1, 1, 1, 1, 1, 1, 1, 1, 1, 1, 1, 1, 1, 1, 1, 1, 
1, 1, 1, 1, 1, 1, 1, 1, 1, 1, 1, 1, 1, 1, 1, 1, 1, 1, 1, 1, 1, 1, 1, 1, 1, 1, 
1, 1, 1, 1, 1, 1, 1, 1, 1, 1, 1, 1, 1, 1, 1, 1, 1, 1, 1, 1, 1, 1, 1, 1, 1, 1, 
1, 1, 1, 1, 1, 1, 1, 1, 1, 1, 1, 1, 1, 1, 1, 1, 1, 1, 1, 1, 1, 1, 1, 1, 1, 1, 
1, 1, 1, 1, 1, 1, 1, 1, 1, 1, 1, 1, 1, 1, 1, 1, 1, 1, 1, 1, 1, 1, 1, 1, 1, 1, 
1, 1, 1, 1, 1, 1, 1, 1, 1, 1, 1, 1, 1, 1, 1, 1, 1, 1, 1, 1, 1, 1, 1, 1, 1, 1, 
1, 1, 1, 1, 1, 1, 1, 1, 1, 1, 1, 1, 1, 1, 1, 1, 1, 1, 1, 1, 1, 1, 1, 1, 1, 1, 
1, 1, 1, 1, 1, 1, 1, 1, 1, 1, 1, 1, 1, 1, 1, 1, 1, 1, 1, 1, 1, 1, 1, 1, 1, 1, 
1, 1, 1, 1, 1, 1, 1, 1, 1, 1, 1, 1, 1, 1, 1, 1, 1, 1, 1, 1, 1, 1, 1, 1, 1, 1, 
1, 1, 1, 1, 1, 1, 1, 1, 1, 1, 1, 1, 1, 1, 1, 1, 1, 1, 1, 1, 1, 1, 1, 1, 1, 1, 
1, 1, 1, 1, 1, 1, 1, 1, 1, 1, 1, 1, 1, 1, 1, 1, 1, 1, 1, 1, 1, 1, 1, 1, 1, 1, 
1, 1, 1, 1, 1, 1, 1, 1, 1, 1, 1, 1, 1, 1, 1, 1, 1, 1, 1, 1, 1, 1, 1, 1, 1, 1, 
1, 1, 1, 1, 1, 1, 1, 1, 1, 1, 1, 1, 1, 1, 1, 1, 1, 1, 1, 1, 1, 1, 1, 1, 1, 1, 
1, 1, 1, 1, 1, 1, 1, 1, 1, 1, 1, 1, 1, 1, 1, 1, 1, 1, 1, 1, 1, 1, 1, 1, 1, 1, 
1, 1, 1, 1, 1, 1, 1, 1, 1, 1, 1, 1, 1, 1, 1, 1, 1, 1, 1, 1, 1, 1, 1, 1, 1, 1, 
1, 1, 1, 1, 1, 1, 1, 1, 1, 1, 1, 1, 1, 1, 1, 1, 1, 1, 1, 1, 1, 1, 1, 1, 1, 1, 
1, 1, 1, 1, 1, 1, 1, 1, 1, 1, 1, 1, 1, 1, 1, 1, 1, 1, 1, 1, 1, 1, 1, 1, 1, 1, 
1, 1, 1, 1, 1, 1, 1, 1, 1, 1, 1, 1, 1, 1, 1, 1, 1, 1, 1, 1, 1, 1, 1, 1, 1, 1, 
1, 1, 1, 1, 1, 1, 1, 1, 1, 1, 1, 1, 1, 1, 1, 1, 1, 1, 1, 1, 1, 1, 1, 1, 1, 1, 
1, 1, 1, 1, 1, 1, 1, 1, 1, 1, 1, 1, 1, 1, 1, 1, 1, 1, 1, 1, 1, 1, 1, 1, 1, 1, 
1, 1, 1, 1, 1, 1, 1, 1, 1, 1, 1, 1, 1, 1, 1, 1, 1, 1, 1, 1, 1, 1, 1, 1, 1, 1, 
1, 1, 1, 1, 1, 1, 1, 1, 1, 1, 1, 1, 1, 1, 1, 1, 1, 1, 1, 1, 1, 1, 1, 1, 1, 1, 
1, 1, 1, 1, 1, 1, 1, 1, 1, 1, 1, 1, 1, 1, 1, 1, 1, 1, 1, 1, 1, 1, 1, 1, 1, 1, 
1, 1, 1, 1, 1, 1, 1, 1, 1, 1, 1, 1, 1, 1, 1, 1, 1, 1, 1, 1, 1, 1, 1, 1, 1, 1, 
1, 1, 1, 1, 1, 1, 1, 1, 1, 1, 1, 1, 1, 1, 1, 1, 1, 1, 1, 1, 1, 1, 1, 1, 1, 1, 
1, 1, 1, 1, 1, 1, 1, 1, 1, 1, 1, 1, 1, 1, 1, 1, 1, 1, 1, 1, 1, 1, 1, 1, 1, 1, 
1, 1, 1, 1, 1, 1, 1, 1, 1, 1, 1, 1, 1, 1, 1, 1, 1, 1, 1, 1, 1, 1, 1, 1, 1, 1, 
1, 1, 1, 1, 1, 1, 1, 1, 1, 1, 1, 1, 1, 1, 1, 1, 1, 1, 1, 1, 1, 1, 1, 1, 1, 1, 
1, 1, 1, 1, 1, 1, 1, 1, 1, 1, 1, 1, 1, 1, 1, 1, 1, 1, 1, 1, 1, 1, 1, 1, 1, 1, 
1, 1, 1, 1, 1, 1, 1, 1, 1, 1, 1, 1, 1, 1, 1, 1, 1, 1, 1, 1, 1, 1, 1, 1, 1, 1, 
1, 1, 1, 1, 1, 1, 1, 1, 1, 1, 1, 1, 1, 1, 1, 1, 1, 1, 1, 1, 1, 1, 1, 1, 1, 1, 
1, 1, 1, 1, 1, 1, 1, 1, 1, 1, 1, 1, 1, 1, 1, 1, 1, 1, 1, 1, 1, 1, 1, 1, 1, 1, 
1, 1, 1, 1, 1, 1, 1, 1, 1, 1, 1, 1, 1, 1, 1, 1, 1, 1, 1, 1, 1, 1, 1, 1, 1, 1, 
1, 1, 1, 1, 1, 1, 1, 1, 1, 1, 1, 1, 1, 1, 1, 1, 1, 1, 1, 1, 1, 1, 1, 1, 1, 1, 
1, 1, 1, 1, 1, 1, 1, 1, 1, 1, 1, 1, 1, 1, 1, 1, 1, 1, 1, 1, 1, 1, 1, 1, 1, 1, 
1, 1, 1, 1, 1, 1, 1, 1, 1, 1, 1, 1, 1, 1, 1, 1, 1, 1, 1, 1, 1, 1, 1, 1, 1, 1, 
1, 1, 1, 1, 1, 1, 1, 1, 1, 1, 1) )
