1001	0.05308
1002	0.07054
1003	0.2021
1004	0.1002
1005	0.103
1006	0.1119
1007	0.07479
1008	0.1601
1009	0.1581
1010	0.05372
1011	0.04382
1012	0.1144
1013	0.09034
1014	0.1055
1015	0.09426
1016	0.1048
1017	0.2219
1018	0.1243
1019	0.06496
1020	0.07883
1021	-0.04391
1022	0.1462
1023	-0.001701
1024	0.03063
1025	0.08488
1026	0.1589
1027	0.1402
1028	0.09185
1029	0.08664
1030	0.1101
1031	0.06495
1032	0.06428
1033	0.1314
1034	0.098
1035	0.08837
1036	0.08126
1037	0.04472
1038	0.1385
1039	0.06118
1040	0.06601
1041	0.1603
1042	0.1303
1043	0.1052
1044	0.09011
1045	0.07622
1046	0.07347
1047	0.1284
1048	0.09155
1049	0.0417
1050	0.07009
1051	0.09085
1052	0.07232
1053	0.08835
1054	0.09262
1055	0.07136
1056	0.06385
1057	0.1274
1058	0.02651
1059	0.1113
1060	0.1083
1061	0.0556
1062	0.08885
1063	0.1204
1064	0.02381
1065	0.0789
1066	0.136
1067	0.1425
1068	0.0923
1069	0.07878
1070	0.06168
1071	0.0565
1072	0.05913
1073	0.157
1074	0.01545
1075	0.05641
1076	0.1143
1077	0.09035
1078	0.08182
1079	0.02602
1080	0.08532
1081	0.1622
1082	0.1789
1083	0.09591
1084	0.08824
1085	0.07434
1086	0.1288
1087	0.1168
1088	0.1026
1089	0.08353
1090	0.1023
1091	0.03454
1092	0.03937
1093	0.08946
1094	0.1226
1095	0.08388
1096	0.1259
1097	0.04635
1098	0.1359
1099	0.1075
1100	0.1577
1101	0.05473
1102	0.1303
1103	0.004612
1104	0.05724
1105	0.1057
1106	0.1018
1107	0.04161
1108	0.04016
1109	0.1174
1110	0.1137
1111	0.1082
1112	0.07152
1113	-0.001581
1114	0.05475
1115	0.05045
1116	0.1147
1117	0.1176
1118	0.09998
1119	0.1652
1120	0.05598
1121	0.0844
1122	0.09692
1123	0.02117
1124	0.1285
1125	0.1335
1126	0.1055
1127	0.05213
1128	0.07825
1129	0.1013
1130	0.1208
1131	0.08095
1132	0.09328
1133	0.1614
1134	0.158
1135	0.1241
1136	0.06536
1137	0.0381
1138	0.1667
1139	0.1384
1140	0.06043
1141	0.1047
1142	0.1117
1143	0.1128
1144	0.1454
1145	0.1082
1146	0.1374
1147	0.1194
1148	0.1151
1149	0.09857
1150	0.119
1151	0.1198
1152	0.1167
1153	0.0656
1154	0.08393
1155	0.01399
1156	0.02439
1157	0.1069
1158	0.09012
1159	0.1498
1160	0.09354
1161	0.04791
1162	0.1544
1163	0.08928
1164	0.05151
1165	0.1207
1166	0.1001
1167	0.1207
1168	0.1247
1169	0.1307
1170	0.0464
1171	0.1307
1172	0.1367
1173	0.04886
1174	0.08632
1175	0.1414
1176	0.1418
1177	0.176
1178	0.1209
1179	0.1018
1180	0.1326
1181	0.1126
1182	0.1194
1183	0.04267
1184	0.08395
1185	0.1167
1186	0.04291
1187	0.1043
1188	0.115
1189	0.05392
1190	0.04167
1191	0.07014
1192	0.1879
1193	0.07985
1194	0.09105
1195	0.08647
1196	0.1778
1197	0.08947
1198	0.07589
1199	0.1132
1200	0.05029
1201	0.1234
1202	0.061
1203	0.05958
1204	0.1333
1205	0.08908
1206	0.03549
1207	0.07808
1208	0.1051
1209	0.009299
1210	0.1334
1211	0.1008
1212	0.1051
1213	0.09097
1214	0.1237
1215	0.07119
1216	0.03681
1217	0.1231
1218	0.1087
1219	0.07234
1220	0.07538
1221	0.1075
1222	0.138
1223	0.113
1224	0.1546
1225	0.05682
1226	0.02425
1227	0.03393
1228	0.06445
1229	0.09212
1230	0.1462
1231	0.08853
1232	0.1346
1233	0.1021
1234	0.07524
1235	0.105
1236	0.09129
1237	0.1097
1238	0.07883
1239	0.07272
1240	0.01198
1241	0.05944
1242	0.0914
1243	0.1142
1244	0.06687
1245	0.07767
1246	0.1102
1247	0.1151
1248	0.1588
1249	0.1216
1250	0.1314
1251	0.08697
1252	0.0368
1253	0.1253
1254	0.1332
1255	0.09171
1256	0.06859
1257	0.09473
1258	0.02913
1259	0.07658
1260	0.07597
1261	0.1194
1262	0.1772
1263	0.1207
1264	0.1223
1265	0.09168
1266	0.1144
1267	0.06178
1268	0.07778
1269	0.0954
1270	0.1352
1271	0.0615
1272	0.06856
1273	0.1045
1274	0.06642
1275	0.1246
1276	0.04316
1277	0.06349
1278	0.06921
1279	0.1196
1280	0.04645
1281	0.0755
1282	0.01859
1283	0.1014
1284	0.1062
1285	0.07333
1286	0.1213
1287	0.1217
1288	0.1311
1289	0.1107
1290	0.0888
1291	0.04763
1292	0.05323
1293	-0.06456
1294	0.08681
1295	0.07437
1296	0.07108
1297	0.01298
1298	0.09684
1299	0.07928
1300	0.124
1301	0.09517
1302	0.09235
1303	0.07404
1304	0.07378
1305	0.09122
1306	0.08124
1307	0.1179
1308	0.07959
1309	0.1133
1310	0.07931
1311	0.09058
1312	0.09157
1313	0.09258
1314	0.2233
1315	0.1904
1316	0.1297
1317	0.07762
1318	0.09003
1319	0.1046
1320	0.1731
1321	0.1293
1322	0.1389
1323	0.08114
1324	0.1578
1325	0.1239
1326	0.1002
1327	0.0617
1328	0.0646
1329	0.0804
1330	0.1047
1331	0.1287
1332	0.0838
1333	0.04369
1334	0.03596
1335	0.08817
1336	0.1127
1337	0.1383
1338	0.1167
1339	0.118
1340	0.08283
1341	0.09132
1342	0.0699
1343	0.1113
1344	0.0336
1345	0.06443
1346	0.05287
1347	0.1011
1348	0.1456
1349	0.1381
1350	0.1716
1351	0.1017
1352	0.07806
1353	0.1051
1354	0.1218
1355	0.06343
1356	0.1037
1357	0.07469
1358	0.101
1359	0.1031
1360	0.0574
1361	0.09207
1362	0.09534
1363	0.06858
1364	0.08825
1365	0.04662
1366	0.1542
1367	0.161
1368	0.07162
1369	0.07772
1370	0.1256
1371	0.02672
1372	0.1301
1373	0.1882
1374	0.0101
1375	0.1423
1376	0.04683
1377	0.1166
1378	0.0303
1379	0.1007
1380	0.1675
1381	0.1352
1382	0.1521
1383	0.1341
1384	0.1178
1385	0.03261
1386	0.09753
1387	0.1012
1388	0.1124
1389	0.1693
1390	0.1094
1391	0.06544
1392	0.06129
1393	0.08195
1394	0.108
1395	0.1581
1396	0.04672
1397	0.119
1398	0.07711
1399	0.1343
1400	0.1487
1401	0.1255
1402	0.1067
1403	0.07775
1404	0.08261
1405	0.1123
1406	0.09405
1407	0.1177
1408	0.1561
1409	0.06518
1410	0.052
1411	0.08037
1412	0.117
1413	0.1323
1414	0.07787
1415	0.05098
1416	0.09541
1417	0.07785
1418	0.08424
1419	0.1583
1420	0.09611
1421	0.106
1422	0.1579
1423	0.08388
1424	0.02373
1425	0.1238
1426	0.08482
1427	0.09339
1428	0.08219
1429	0.1337
1430	0.146
1431	0.1151
1432	0.103
1433	0.04977
1434	0.1194
1435	0.1425
1436	0.1022
1437	0.103
1438	0.05846
1439	0.08444
1440	0.05826
1441	0.06495
1442	0.07606
1443	0.1114
1444	0.1248
1445	0.1072
1446	0.09755
1447	0.2071
1448	0.113
1449	0.06937
1450	0.145
1451	0.1677
1452	0.1001
1453	0.08576
1454	0.08509
1455	0.07983
1456	0.08049
1457	0.07981
1458	0.02715
1459	0.1572
1460	0.1417
1461	0.1195
1462	0.08418
1463	0.04038
1464	0.04391
1465	0.06256
1466	0.07811
1467	0.1132
1468	0.1305
1469	0.1095
1470	0.114
1471	0.1985
1472	0.1203
1473	0.1563
1474	0.1254
1475	0.05544
1476	0.08966
1477	0.06099
1478	0.1148
1479	0.1175
1480	0.1171
1481	0.0871
1482	0.1608
1483	0.1101
1484	0.1048
1485	0.1715
1486	0.1189
1487	0.1222
1488	0.06417
1489	0.07867
1490	0.06569
1491	0.06457
1492	0.02362
1493	0.1734
1494	0.1335
1495	0.1721
1496	0.08561
1497	0.1082
1498	0.09267
1499	0.05341
1500	0.04911
1501	0.1378
1502	0.1193
1503	0.07294
1504	0.1029
1505	0.1304
1506	0.07033
1507	0.1658
1508	0.02018
1509	0.07368
1510	0.06141
1511	0.11
1512	0.1143
1513	0.1432
1514	0.1142
1515	0.1366
1516	0.06821
1517	0.09287
1518	0.09773
1519	0.1656
1520	0.1572
1521	0.128
1522	0.1139
1523	0.02191
1524	0.1398
1525	0.1084
1526	0.03493
1527	0.07812
1528	0.1061
1529	0.129
1530	0.1376
1531	0.1062
1532	0.1109
1533	0.08819
1534	0.05976
1535	0.111
1536	0.1227
1537	0.1236
1538	0.08508
1539	0.1781
1540	0.1324
1541	0.107
1542	0.08698
1543	0.09886
1544	-0.03636
1545	0.06276
1546	0.004761
1547	0.09623
1548	0.05293
1549	0.119
1550	0.1368
1551	0.1416
1552	0.07953
1553	0.1879
1554	0.07576
1555	0.137
1556	0.04336
1557	0.0875
1558	0.1006
1559	0.1061
1560	0.08262
1561	0.09757
1562	0.1488
1563	0.06476
1564	0.1373
1565	0.1095
1566	0.0303
1567	0.04589
1568	0.08232
1569	0.07153
1570	0.1048
1571	0.03194
1572	0.07095
1573	0.07864
1574	0.1358
1575	0.09753
1576	0.08926
1577	0.08746
1578	0.1476
1579	0.0558
1580	0.05839
1581	0.06734
1582	0.1147
1583	0.06628
1584	0.1071
1585	-0.01237
1586	0.07961
1587	0.1208
1588	0.1324
1589	0.1088
1590	0.08324
1591	0.1326
1592	0.1022
1593	0.1184
1594	0.1125
1595	0.1222
1596	0.1097
1597	0.07546
1598	0.111
1599	0.004092
1600	0.1066
1601	0.1613
1602	0.1464
1603	0.09982
1604	0.06199
1605	0.07567
1606	0.08336
1607	0.1117
1608	0.05947
1609	0.05901
1610	0.1103
1611	0.0653
1612	0.1055
1613	0.04734
1614	0.07056
1615	0.09569
1616	0.1002
1617	0.09635
1618	0.09703
1619	0.06646
1620	0.1401
1621	0.143
1622	0.1519
1623	0.1359
1624	0.06711
1625	0.0919
1626	0.07746
1627	0.08066
1628	0.1237
1629	0.08792
1630	0.1003
1631	0.1513
1632	0.1349
1633	0.1198
1634	0.05929
1635	0.02533
1636	0.1808
1637	-0.02363
1638	0.05975
1639	0.04202
1640	0.1584
1641	0.07613
1642	0.07366
1643	0.1512
1644	0.07286
1645	0.07124
1646	0.1207
1647	0.09453
1648	0.1196
1649	0.09511
1650	0.1719
1651	0.08438
1652	0.1146
1653	0.02884
1654	0.07827
1655	0.08331
1656	0.1192
1657	0.1439
1658	0.05992
1659	0.09693
1660	0.01757
1661	0.05674
1662	0.1328
1663	0.07883
1664	0.08268
1665	0.07569
1666	0.04499
1667	0.1059
1668	0.08664
1669	0.08789
1670	0.08599
1671	0.04494
1672	0.06223
1673	0.09911
1674	0.1671
1675	0.1486
1676	0.08348
1677	0.1571
1678	0.1565
1679	0.1198
1680	0.09849
1681	0.07508
1682	0.1332
1683	0.1037
1684	0.09803
1685	0.07253
1686	0.1613
1687	0.03559
1688	0.1071
1689	0.06576
1690	0.08563
1691	0.155
1692	0.06086
1693	0.1065
1694	0.1125
1695	0.1233
1696	0.1092
1697	0.1325
1698	0.1412
1699	0.09466
1700	0.1485
1701	0.09811
1702	0.05868
1703	0.08269
1704	0.131
1705	0.1411
1706	0.09186
1707	0.1095
1708	0.06453
1709	0.1248
1710	0.1529
1711	0.05944
1712	0.06192
1713	0.08672
1714	0.1248
1715	0.1701
1716	0.1379
1717	0.08669
1718	0.1222
1719	0.0898
1720	0.1074
1721	0.08558
1722	0.1075
1723	0.03682
1724	0.1161
1725	0.08205
1726	0.07886
1727	0.1213
1728	0.09465
1729	0.109
1730	0.1349
1731	0.03198
1732	0.06942
1733	0.1154
1734	0.08425
1735	0.1671
1736	0.02206
1737	0.0443
1738	0.07534
1739	0.09151
1740	0.1386
1741	0.1484
1742	0.08014
1743	0.05325
1744	0.1056
1745	0.1347
1746	0.02272
1747	0.07441
1748	0.0479
1749	0.1629
1750	0.1101
1751	0.1538
1752	0.117
1753	0.1421
1754	0.06926
1755	0.1566
1756	0.07272
1757	0.05912
1758	0.1727
1759	0.09359
1760	0.1184
1761	0.06548
1762	0.09509
1763	0.1152
1764	0.08736
1765	0.09277
1766	0.04402
1767	0.1043
1768	0.08472
1769	0.0906
1770	0.08831
1771	0.1399
1772	0.1844
1773	0.1151
1774	0.1492
1775	0.08721
1776	0.06694
1777	0.06443
1778	0.09357
1779	0.06037
1780	0.1201
1781	0.1472
1782	0.07142
1783	0.1069
1784	0.1252
1785	0.097
1786	0.1104
1787	0.112
1788	0.08693
1789	0.05856
1790	0.1337
1791	0.1136
1792	0.1097
1793	0.1092
1794	0.0585
1795	0.1247
1796	0.083
1797	0.007891
1798	0.1417
1799	0.1154
1800	0.1417
1801	0.1517
1802	0.08526
1803	0.1505
1804	0.04041
1805	0.1037
1806	0.08871
1807	0.08153
1808	0.09608
1809	0.09293
1810	0.1055
1811	0.1237
1812	0.1493
1813	0.07446
1814	0.1278
1815	0.1404
1816	0.05049
1817	0.04653
1818	0.1228
1819	0.07376
1820	0.1033
1821	0.08714
1822	0.09311
1823	0.07188
1824	0.101
1825	0.1214
1826	0.09871
1827	0.02998
1828	0.08994
1829	0.1401
1830	0.1586
1831	0.05493
1832	0.1136
1833	0.1215
1834	0.1274
1835	0.07717
1836	0.1156
1837	0.1032
1838	0.0858
1839	0.08998
1840	0.04895
1841	0.07716
1842	0.08406
1843	0.1095
1844	0.131
1845	0.1222
1846	0.08175
1847	0.09709
1848	0.1104
1849	0.07516
1850	0.1195
1851	0.0948
1852	0.1381
1853	0.09037
1854	0.05906
1855	0.1006
1856	0.1189
1857	0.06362
1858	0.02184
1859	0.1033
1860	0.05821
1861	0.1414
1862	0.1757
1863	0.0981
1864	0.1186
1865	0.08795
1866	0.1227
1867	0.09971
1868	0.1278
1869	0.1029
1870	0.06838
1871	0.0632
1872	0.09363
1873	0.06718
1874	0.08843
1875	0.1062
1876	0.1385
1877	0.09203
1878	0.09513
1879	0.1286
1880	0.04189
1881	0.09981
1882	0.08274
1883	0.09067
1884	0.1438
1885	0.1507
1886	0.05685
1887	0.09769
1888	0.08532
1889	0.08818
1890	0.1086
1891	0.04281
1892	0.1453
1893	0.08334
1894	0.09845
1895	0.1271
1896	0.1023
1897	0.05832
1898	0.08683
1899	0.0924
1900	0.1116
1901	0.1094
1902	0.113
1903	0.101
1904	0.1076
1905	0.1094
1906	0.1483
1907	0.09758
1908	0.06506
1909	0.09023
1910	0.1904
1911	0.1566
1912	0.07687
1913	0.06996
1914	0.02612
1915	0.1034
1916	0.08578
1917	0.02559
1918	0.1175
1919	0.1344
1920	0.09084
1921	0.08518
1922	0.02673
1923	0.08001
1924	0.0779
1925	0.04611
1926	0.1267
1927	0.07372
1928	0.1126
1929	0.1327
1930	0.1297
1931	0.06008
1932	0.1246
1933	0.1432
1934	0.06624
1935	0.1002
1936	0.1292
1937	0.1631
1938	0.0796
1939	0.1239
1940	0.1855
1941	0.05113
1942	0.08763
1943	0.04826
1944	0.06245
1945	0.1196
1946	0.006211
1947	0.08326
1948	0.07354
1949	0.04739
1950	0.0343
1951	0.07142
1952	0.1445
1953	0.02807
1954	0.1292
1955	0.1791
1956	0.1448
1957	0.127
1958	0.1108
1959	0.1034
1960	0.1424
1961	0.08618
1962	0.1068
1963	0.07072
1964	0.07697
1965	0.1772
1966	0.05398
1967	0.08148
1968	0.1312
1969	0.05815
1970	0.02576
1971	0.1205
1972	0.08854
1973	0.1756
1974	0.07862
1975	0.07338
1976	0.07748
1977	0.05798
1978	0.1515
1979	0.05223
1980	0.0955
1981	0.1434
1982	0.07949
1983	0.04917
1984	0.07105
1985	0.03296
1986	0.06912
1987	0.09264
1988	0.09224
1989	0.109
1990	0.02986
1991	0.1539
1992	0.1395
1993	0.1948
1994	0.05099
1995	0.115
1996	0.06371
1997	0.146
1998	0.1119
1999	0.05466
2000	0.09665
1001	0.1192
1002	0.1102
1003	0.292
1004	0.1282
1005	0.1376
1006	0.1347
1007	0.07371
1008	0.1819
1009	0.1959
1010	0.1041
1011	0.1009
1012	0.1511
1013	0.1239
1014	0.1586
1015	0.1338
1016	0.1202
1017	0.1957
1018	0.1431
1019	0.09744
1020	0.1291
1021	0.04786
1022	0.1518
1023	0.07282
1024	0.1287
1025	0.1831
1026	0.1898
1027	0.1608
1028	0.1842
1029	0.1138
1030	0.1193
1031	0.1082
1032	0.09759
1033	0.1922
1034	0.1977
1035	0.1237
1036	0.08804
1037	0.1213
1038	0.1418
1039	0.05592
1040	0.09735
1041	0.1814
1042	0.1617
1043	0.1364
1044	0.08204
1045	0.09604
1046	0.09405
1047	0.0845
1048	0.1578
1049	0.107
1050	0.1458
1051	0.1338
1052	0.09942
1053	0.1187
1054	0.1257
1055	0.09619
1056	0.1228
1057	0.1213
1058	0.08995
1059	0.1167
1060	0.1698
1061	0.09322
1062	0.1657
1063	0.19
1064	0.08787
1065	0.09307
1066	0.1304
1067	0.1917
1068	0.1217
1069	0.09363
1070	0.1263
1071	0.04052
1072	0.1306
1073	0.2564
1074	0.1043
1075	0.1422
1076	0.1314
1077	0.1223
1078	0.1379
1079	0.09499
1080	0.1429
1081	0.1324
1082	0.167
1083	0.1535
1084	0.1117
1085	0.134
1086	0.2212
1087	0.1374
1088	0.1371
1089	0.146
1090	0.1405
1091	0.09194
1092	0.1098
1093	0.1577
1094	0.181
1095	0.1634
1096	0.1856
1097	0.07287
1098	0.201
1099	0.1346
1100	0.1685
1101	0.08554
1102	0.1388
1103	0.09898
1104	0.1066
1105	0.163
1106	0.1175
1107	0.1114
1108	0.0795
1109	0.1429
1110	0.08128
1111	0.1276
1112	0.16
1113	0.07878
1114	0.1305
1115	0.03721
1116	0.1547
1117	0.1799
1118	0.1428
1119	0.1644
1120	0.166
1121	0.121
1122	0.1536
1123	0.08144
1124	0.1074
1125	0.1902
1126	0.1414
1127	0.07186
1128	0.1084
1129	0.1768
1130	0.1303
1131	0.1451
1132	0.1128
1133	0.1753
1134	0.1464
1135	0.1855
1136	0.1441
1137	0.07645
1138	0.228
1139	0.1833
1140	0.09108
1141	0.1256
1142	0.09579
1143	0.1576
1144	0.2357
1145	0.161
1146	0.2101
1147	0.1479
1148	0.1073
1149	0.1648
1150	0.1583
1151	0.1419
1152	0.1912
1153	0.1382
1154	0.1116
1155	0.06247
1156	0.1235
1157	0.1455
1158	0.1172
1159	0.1811
1160	0.1118
1161	0.07644
1162	0.1888
1163	0.1449
1164	0.1105
1165	0.103
1166	0.132
1167	0.121
1168	0.1404
1169	0.1089
1170	0.129
1171	0.147
1172	0.1788
1173	0.08905
1174	0.1174
1175	0.2134
1176	0.186
1177	0.1589
1178	0.1332
1179	0.1227
1180	0.1406
1181	0.09917
1182	0.2791
1183	0.1202
1184	0.1078
1185	0.166
1186	0.1129
1187	0.1338
1188	0.1684
1189	0.1211
1190	0.09742
1191	0.1299
1192	0.1729
1193	0.1224
1194	0.1058
1195	0.1629
1196	0.1848
1197	0.1076
1198	0.1286
1199	0.1611
1200	0.1131
1201	0.1802
1202	0.1045
1203	0.07312
1204	0.1433
1205	0.1098
1206	0.1213
1207	0.1415
1208	0.1678
1209	0.07059
1210	0.1863
1211	0.1248
1212	0.2021
1213	0.08946
1214	0.1241
1215	0.1247
1216	0.1083
1217	0.1419
1218	0.1367
1219	0.1593
1220	0.1549
1221	0.1394
1222	0.1435
1223	0.1687
1224	0.1617
1225	0.1724
1226	0.07944
1227	0.07945
1228	0.1025
1229	0.138
1230	0.1488
1231	0.1269
1232	0.2122
1233	0.1606
1234	0.1042
1235	0.1821
1236	0.1568
1237	0.2036
1238	0.117
1239	0.115
1240	0.06686
1241	0.05741
1242	0.1124
1243	0.1458
1244	0.1247
1245	0.1092
1246	0.1331
1247	0.1329
1248	0.2122
1249	0.1834
1250	0.1687
1251	0.1081
1252	0.08968
1253	0.1717
1254	0.1392
1255	0.1376
1256	0.1289
1257	0.1223
1258	0.05652
1259	0.05854
1260	0.1143
1261	0.1428
1262	0.1629
1263	0.1617
1264	0.1527
1265	0.1649
1266	0.1407
1267	0.1125
1268	0.1245
1269	0.1361
1270	0.1222
1271	0.1089
1272	0.04103
1273	0.1427
1274	0.1003
1275	0.1194
1276	0.08787
1277	0.07857
1278	0.08053
1279	0.1863
1280	0.1233
1281	0.09741
1282	0.1155
1283	0.09687
1284	0.1394
1285	0.1193
1286	0.1494
1287	0.1511
1288	0.1945
1289	0.1626
1290	0.1236
1291	0.08461
1292	0.1485
1293	0.06868
1294	0.1665
1295	0.1423
1296	0.1429
1297	0.0789
1298	0.1588
1299	0.1672
1300	0.1015
1301	0.105
1302	0.1373
1303	0.1355
1304	0.1243
1305	0.1162
1306	0.09346
1307	0.1319
1308	0.09596
1309	0.1108
1310	0.1417
1311	0.1376
1312	0.1233
1313	0.1391
1314	0.2083
1315	0.1762
1316	0.181
1317	0.1296
1318	0.1377
1319	0.1139
1320	0.2169
1321	0.1674
1322	0.1802
1323	0.1556
1324	0.1646
1325	0.1052
1326	0.1352
1327	0.1394
1328	0.09799
1329	0.09504
1330	0.1256
1331	0.2035
1332	0.1353
1333	0.05769
1334	0.1299
1335	0.1505
1336	0.1423
1337	0.09246
1338	0.1546
1339	0.1212
1340	0.1173
1341	0.1523
1342	0.116
1343	0.1799
1344	0.04282
1345	0.1657
1346	0.08947
1347	0.1683
1348	0.2641
1349	0.1533
1350	0.1727
1351	0.1794
1352	0.1064
1353	0.1318
1354	0.1301
1355	0.06747
1356	0.03083
1357	0.1261
1358	0.1711
1359	0.1725
1360	0.1266
1361	0.2267
1362	0.1822
1363	0.119
1364	0.1296
1365	0.07206
1366	0.1719
1367	0.2404
1368	0.1159
1369	0.1199
1370	0.1216
1371	0.0713
1372	0.1548
1373	0.1533
1374	0.1336
1375	0.16
1376	0.09729
1377	0.1615
1378	0.09016
1379	0.1931
1380	0.2099
1381	0.1823
1382	0.1495
1383	0.1339
1384	0.1439
1385	0.0827
1386	0.1341
1387	0.1308
1388	0.1591
1389	0.2062
1390	0.1488
1391	0.1236
1392	0.1263
1393	0.127
1394	0.09485
1395	0.1278
1396	0.1445
1397	0.1539
1398	0.1316
1399	0.1374
1400	0.1269
1401	0.1682
1402	0.2426
1403	0.1357
1404	0.143
1405	0.1379
1406	0.1416
1407	0.1681
1408	0.2055
1409	0.1003
1410	0.07748
1411	0.1569
1412	0.1783
1413	0.1375
1414	0.1217
1415	0.1173
1416	0.1691
1417	0.1317
1418	0.09133
1419	0.2112
1420	0.08796
1421	0.1733
1422	0.1985
1423	0.08896
1424	0.07946
1425	0.06789
1426	0.1432
1427	0.1655
1428	0.1226
1429	0.1633
1430	0.1659
1431	0.14
1432	0.1082
1433	0.11
1434	0.2154
1435	0.1722
1436	0.127
1437	0.1564
1438	0.1267
1439	0.1461
1440	0.1228
1441	0.1312
1442	0.1363
1443	0.1853
1444	0.1165
1445	0.1769
1446	0.1186
1447	0.1252
1448	0.1466
1449	0.1031
1450	0.1679
1451	0.1574
1452	0.1597
1453	0.1311
1454	0.1028
1455	0.1009
1456	0.05527
1457	0.1107
1458	0.1018
1459	0.1764
1460	0.1409
1461	0.1385
1462	0.1308
1463	0.06691
1464	0.0964
1465	0.1273
1466	0.1214
1467	0.1154
1468	0.1661
1469	0.1676
1470	0.1191
1471	0.2083
1472	0.1577
1473	0.1881
1474	0.1429
1475	0.09953
1476	0.1108
1477	0.1323
1478	0.1496
1479	0.1364
1480	0.1472
1481	0.183
1482	0.1367
1483	0.1691
1484	0.143
1485	0.1818
1486	0.1377
1487	0.1602
1488	0.08806
1489	0.1731
1490	0.101
1491	0.09596
1492	0.1158
1493	0.2167
1494	0.1738
1495	0.1957
1496	0.1295
1497	0.1564
1498	0.1092
1499	0.06405
1500	0.07495
1501	0.1574
1502	0.1745
1503	0.1031
1504	0.1737
1505	0.178
1506	0.1135
1507	0.2043
1508	0.2178
1509	0.1023
1510	0.1449
1511	0.161
1512	0.1591
1513	0.2407
1514	0.08799
1515	0.1225
1516	0.05903
1517	0.08597
1518	0.1773
1519	0.2222
1520	0.1963
1521	0.1184
1522	0.1771
1523	0.09855
1524	0.1815
1525	0.169
1526	0.104
1527	0.1264
1528	0.1858
1529	0.1926
1530	0.1527
1531	0.1041
1532	0.1444
1533	0.09953
1534	0.08458
1535	0.1915
1536	0.174
1537	0.1502
1538	0.1465
1539	0.1781
1540	0.1931
1541	0.119
1542	0.1184
1543	0.1662
1544	0.09446
1545	0.05149
1546	0.04242
1547	0.08125
1548	0.09651
1549	0.1324
1550	0.1335
1551	0.2039
1552	0.1443
1553	0.2896
1554	0.1836
1555	0.1756
1556	0.1214
1557	0.1371
1558	0.1283
1559	0.09903
1560	0.1252
1561	0.1657
1562	0.1632
1563	0.1285
1564	0.1893
1565	0.1171
1566	0.1099
1567	0.1101
1568	0.1576
1569	0.113
1570	0.1148
1571	0.09409
1572	0.1492
1573	0.1141
1574	0.166
1575	0.1142
1576	0.1471
1577	0.07489
1578	0.2075
1579	0.1437
1580	0.1182
1581	0.1004
1582	0.1389
1583	0.09721
1584	0.1308
1585	0.0998
1586	0.1237
1587	0.1578
1588	0.2738
1589	0.1896
1590	0.08772
1591	0.1313
1592	0.2035
1593	0.1496
1594	0.1429
1595	0.1702
1596	0.2063
1597	0.1283
1598	0.1541
1599	0.0551
1600	0.1643
1601	0.2319
1602	0.178
1603	0.1402
1604	0.1562
1605	0.1792
1606	0.1301
1607	0.1545
1608	0.1201
1609	0.103
1610	0.1259
1611	0.09714
1612	0.1605
1613	0.1002
1614	0.07861
1615	0.1553
1616	0.1424
1617	0.07483
1618	0.1326
1619	0.1281
1620	0.1602
1621	0.1549
1622	0.1673
1623	0.1546
1624	0.08411
1625	0.1408
1626	0.128
1627	0.1381
1628	0.1768
1629	0.1344
1630	0.1299
1631	0.1606
1632	0.141
1633	0.1719
1634	0.06917
1635	0.04178
1636	0.179
1637	-0.0407
1638	0.1431
1639	0.139
1640	0.1721
1641	0.1819
1642	0.1147
1643	0.1793
1644	0.1231
1645	0.1445
1646	0.1543
1647	0.1387
1648	0.1773
1649	0.1777
1650	0.24
1651	0.1267
1652	0.1484
1653	0.1255
1654	0.1571
1655	0.1494
1656	0.1488
1657	0.2015
1658	0.1097
1659	0.1113
1660	0.07377
1661	0.1397
1662	0.1959
1663	0.1882
1664	0.08153
1665	0.1369
1666	0.1176
1667	0.1508
1668	0.1318
1669	0.1233
1670	0.1111
1671	0.0817
1672	0.1341
1673	0.1441
1674	0.1911
1675	0.1027
1676	0.08094
1677	0.1448
1678	0.1413
1679	0.1876
1680	0.1173
1681	0.1262
1682	0.1491
1683	0.2357
1684	0.142
1685	0.09634
1686	0.2064
1687	0.08854
1688	0.1766
1689	0.1961
1690	0.1347
1691	0.1856
1692	0.1238
1693	0.1618
1694	0.1675
1695	0.133
1696	0.1532
1697	0.1324
1698	0.288
1699	0.1576
1700	0.1415
1701	0.1052
1702	0.09909
1703	0.1204
1704	0.197
1705	0.1303
1706	0.1406
1707	0.1328
1708	0.1356
1709	0.1705
1710	0.2155
1711	0.08147
1712	0.1093
1713	0.1126
1714	0.188
1715	0.173
1716	0.1457
1717	0.07548
1718	0.1501
1719	0.1489
1720	0.1713
1721	0.1568
1722	0.1753
1723	0.09129
1724	0.1227
1725	0.132
1726	0.1043
1727	0.1768
1728	0.1611
1729	0.1303
1730	0.1991
1731	0.09541
1732	0.1506
1733	0.1768
1734	0.1492
1735	0.1844
1736	0.05032
1737	0.05879
1738	0.133
1739	0.1391
1740	0.1323
1741	0.1517
1742	0.1432
1743	0.1243
1744	0.116
1745	0.1385
1746	0.07589
1747	0.06127
1748	0.1027
1749	0.1699
1750	0.1635
1751	0.153
1752	0.1783
1753	0.1898
1754	0.09916
1755	0.1764
1756	0.1082
1757	0.1445
1758	0.1956
1759	0.1034
1760	0.1081
1761	0.08197
1762	0.1059
1763	0.1844
1764	0.08225
1765	0.1139
1766	0.1016
1767	0.1215
1768	0.1232
1769	0.1144
1770	0.1221
1771	0.1819
1772	0.164
1773	0.1067
1774	0.1734
1775	0.1396
1776	0.08693
1777	0.1319
1778	0.1543
1779	0.1715
1780	0.1049
1781	0.1477
1782	0.1147
1783	0.1053
1784	0.1736
1785	0.1778
1786	0.1833
1787	0.1579
1788	0.1276
1789	0.1171
1790	0.173
1791	0.1793
1792	0.1873
1793	0.1707
1794	0.1361
1795	0.1421
1796	0.08787
1797	0.08839
1798	0.1484
1799	0.108
1800	0.2066
1801	0.1977
1802	0.1681
1803	0.1705
1804	0.1179
1805	0.1105
1806	0.1894
1807	0.1397
1808	0.1519
1809	0.1147
1810	0.1883
1811	0.1431
1812	0.1782
1813	0.1952
1814	0.1692
1815	0.1613
1816	0.1004
1817	0.1036
1818	0.1578
1819	0.08972
1820	0.1656
1821	0.08531
1822	0.1358
1823	0.1216
1824	0.1529
1825	0.1834
1826	0.0989
1827	0.06747
1828	0.1649
1829	0.1765
1830	0.1206
1831	0.0853
1832	0.1307
1833	0.1282
1834	0.2162
1835	0.1342
1836	0.1571
1837	0.1322
1838	0.1336
1839	0.111
1840	0.1498
1841	0.09972
1842	0.1533
1843	0.1301
1844	0.1921
1845	0.1584
1846	0.1013
1847	0.1356
1848	0.1322
1849	0.1565
1850	0.1283
1851	0.1092
1852	0.1023
1853	0.171
1854	0.1142
1855	0.1835
1856	0.1768
1857	0.08012
1858	0.1108
1859	0.165
1860	0.06958
1861	0.1586
1862	0.172
1863	0.1289
1864	0.1852
1865	0.1011
1866	0.07345
1867	0.1664
1868	0.1736
1869	0.1074
1870	0.1269
1871	0.1132
1872	0.1701
1873	0.03498
1874	0.1079
1875	0.1612
1876	0.2208
1877	0.08656
1878	0.1219
1879	0.115
1880	0.08493
1881	0.1507
1882	0.1331
1883	0.1722
1884	0.1885
1885	0.1767
1886	0.136
1887	0.1794
1888	0.1161
1889	0.1271
1890	0.09064
1891	0.01753
1892	0.1713
1893	0.1012
1894	0.1717
1895	0.1487
1896	0.1605
1897	0.1426
1898	0.1523
1899	0.1616
1900	0.1778
1901	0.1023
1902	0.1141
1903	0.1125
1904	0.1575
1905	0.1809
1906	0.1562
1907	0.1382
1908	0.1346
1909	0.08157
1910	0.2347
1911	0.2055
1912	0.1162
1913	0.11
1914	0.07444
1915	0.1269
1916	0.1719
1917	0.09357
1918	0.1847
1919	0.1964
1920	0.1642
1921	0.1483
1922	0.1072
1923	0.094
1924	0.1464
1925	0.03309
1926	0.1825
1927	0.142
1928	0.1503
1929	0.1487
1930	0.1645
1931	0.1002
1932	0.1608
1933	0.1746
1934	0.1181
1935	0.132
1936	0.1695
1937	0.2068
1938	0.1544
1939	0.163
1940	0.2124
1941	0.1168
1942	0.07902
1943	0.1043
1944	0.1492
1945	0.1774
1946	0.05669
1947	0.1659
1948	0.127
1949	0.05716
1950	0.1023
1951	0.1364
1952	0.1615
1953	0.09688
1954	0.1248
1955	0.2392
1956	0.1713
1957	0.1977
1958	0.1363
1959	0.1092
1960	0.2262
1961	0.1509
1962	0.1443
1963	0.1218
1964	0.1484
1965	0.2408
1966	0.08408
1967	0.02763
1968	0.1362
1969	0.09667
1970	0.08854
1971	0.1429
1972	0.1478
1973	0.2209
1974	0.1191
1975	0.1337
1976	0.1099
1977	0.04588
1978	0.1646
1979	0.08697
1980	0.1144
1981	0.1981
1982	0.1583
1983	0.04312
1984	0.121
1985	0.134
1986	0.1008
1987	0.1205
1988	0.08115
1989	0.1427
1990	0.07614
1991	0.2144
1992	0.1545
1993	0.1706
1994	0.09243
1995	0.1556
1996	0.1258
1997	0.1682
1998	0.1181
1999	0.1368
2000	0.1909
1001	0.07593
1002	0.06932
1003	0.1888
1004	0.06406
1005	0.09959
1006	0.08648
1007	0.04408
1008	0.1057
1009	0.1456
1010	0.07648
1011	0.07055
1012	0.1478
1013	0.05107
1014	0.0742
1015	0.08418
1016	0.03239
1017	0.128
1018	0.08565
1019	0.06676
1020	0.07516
1021	-0.01681
1022	0.1616
1023	0.04902
1024	0.05309
1025	0.1643
1026	0.1625
1027	0.1064
1028	0.08147
1029	0.06927
1030	0.05649
1031	0.05854
1032	0.0661
1033	0.1346
1034	0.1376
1035	0.08817
1036	0.06869
1037	0.07075
1038	0.1353
1039	0.03856
1040	0.05865
1041	0.1066
1042	0.08844
1043	0.1283
1044	0.07023
1045	0.09869
1046	0.03511
1047	0.1084
1048	0.1026
1049	0.06271
1050	0.08713
1051	0.05516
1052	0.09381
1053	0.09524
1054	0.08096
1055	0.05902
1056	0.07637
1057	0.07708
1058	0.07566
1059	0.1057
1060	0.06117
1061	0.0803
1062	0.0988
1063	0.1658
1064	0.08434
1065	0.1104
1066	0.1079
1067	0.1545
1068	0.06729
1069	0.07557
1070	0.1066
1071	0.0772
1072	0.06999
1073	0.2228
1074	0.04029
1075	0.03896
1076	0.137
1077	0.0874
1078	0.0935
1079	0.04394
1080	0.09666
1081	0.09675
1082	0.1286
1083	0.1251
1084	0.1416
1085	0.07041
1086	0.1597
1087	0.1614
1088	0.08297
1089	0.0805
1090	0.1194
1091	0.05015
1092	0.0825
1093	0.09479
1094	0.1681
1095	0.0988
1096	0.1265
1097	0.05589
1098	0.1298
1099	0.07342
1100	0.1073
1101	0.04178
1102	0.05461
1103	0.03129
1104	0.08152
1105	0.1135
1106	0.07708
1107	0.03356
1108	0.03391
1109	0.1137
1110	0.04493
1111	0.05601
1112	0.09328
1113	0.0302
1114	0.05103
1115	0.07881
1116	0.09714
1117	0.09482
1118	0.1144
1119	0.1319
1120	0.1289
1121	0.04491
1122	0.09784
1123	0.03535
1124	0.1072
1125	0.1791
1126	0.08393
1127	0.04179
1128	0.06021
1129	0.1175
1130	0.1064
1131	0.0902
1132	0.08003
1133	0.123
1134	0.1726
1135	0.1309
1136	0.07327
1137	0.04263
1138	0.1823
1139	0.1405
1140	0.03167
1141	0.129
1142	0.07296
1143	0.06356
1144	0.1554
1145	0.1174
1146	0.1056
1147	0.1389
1148	0.08149
1149	0.1133
1150	0.1418
1151	0.1087
1152	0.1168
1153	0.075
1154	0.09372
1155	0.03094
1156	0.02608
1157	0.09372
1158	0.07864
1159	0.1033
1160	0.08936
1161	0.05247
1162	0.1907
1163	0.08835
1164	0.07517
1165	0.05539
1166	0.08868
1167	0.05081
1168	0.1049
1169	0.09498
1170	0.0976
1171	0.1113
1172	0.1165
1173	0.02231
1174	0.06948
1175	0.1659
1176	0.1391
1177	0.1142
1178	0.1037
1179	0.1015
1180	0.1123
1181	0.09657
1182	0.1578
1183	0.06014
1184	0.05488
1185	0.1042
1186	0.08939
1187	0.1151
1188	0.1075
1189	0.04988
1190	0.06992
1191	0.06134
1192	0.1244
1193	0.1061
1194	0.09026
1195	0.09117
1196	0.1518
1197	0.07649
1198	0.08026
1199	0.1526
1200	0.09748
1201	0.1397
1202	0.05554
1203	0.0491
1204	0.04872
1205	0.1004
1206	0.08236
1207	0.05577
1208	0.105
1209	0.02864
1210	0.1234
1211	0.1127
1212	0.1315
1213	0.04435
1214	0.14
1215	0.07439
1216	0.06643
1217	0.1159
1218	0.1222
1219	0.1805
1220	0.117
1221	0.133
1222	0.134
1223	0.1091
1224	0.1208
1225	0.1377
1226	0.06569
1227	0.05053
1228	0.06465
1229	0.1003
1230	0.1281
1231	0.1052
1232	0.1333
1233	0.1496
1234	0.1002
1235	0.07395
1236	0.1185
1237	0.1458
1238	0.05569
1239	0.063
1240	0.01819
1241	0.08167
1242	0.08982
1243	0.113
1244	0.08839
1245	0.1238
1246	0.08032
1247	0.1275
1248	0.1567
1249	0.1131
1250	0.1183
1251	0.06054
1252	0.05939
1253	0.1293
1254	0.1224
1255	0.06996
1256	0.08474
1257	0.05868
1258	0.04056
1259	0.05545
1260	0.07644
1261	0.09485
1262	0.126
1263	0.1001
1264	0.1013
1265	0.138
1266	0.07558
1267	0.07972
1268	0.08969
1269	0.07511
1270	0.0546
1271	0.07568
1272	0.04791
1273	0.1207
1274	0.1061
1275	0.1076
1276	0.08381
1277	0.05993
1278	0.05539
1279	0.1188
1280	0.06849
1281	0.08844
1282	0.02517
1283	0.06084
1284	0.07714
1285	0.1268
1286	0.09553
1287	0.0945
1288	0.1842
1289	0.1428
1290	0.08309
1291	0.05032
1292	0.1016
1293	0.04146
1294	0.1016
1295	0.08808
1296	0.1051
1297	0.009819
1298	0.1144
1299	0.09682
1300	0.0524
1301	0.06486
1302	0.07455
1303	0.07191
1304	0.05944
1305	0.09527
1306	0.07961
1307	0.1272
1308	0.005141
1309	0.0867
1310	0.08602
1311	0.1151
1312	0.06417
1313	0.1207
1314	0.1837
1315	0.1499
1316	0.1189
1317	0.09488
1318	0.1192
1319	0.06717
1320	0.1693
1321	0.1018
1322	0.1086
1323	0.1157
1324	0.1465
1325	0.0824
1326	0.09237
1327	0.01332
1328	0.03283
1329	0.07992
1330	0.1137
1331	0.1533
1332	0.09947
1333	0.05358
1334	0.05856
1335	0.08438
1336	0.06182
1337	0.09854
1338	0.1065
1339	0.08459
1340	0.06838
1341	0.134
1342	0.09842
1343	0.1273
1344	0.05156
1345	0.1127
1346	0.08118
1347	0.1305
1348	0.2115
1349	0.1307
1350	0.1408
1351	0.08161
1352	0.08077
1353	0.1083
1354	0.08393
1355	-0.001938
1356	0.04296
1357	0.07926
1358	0.07575
1359	0.0997
1360	0.1025
1361	0.107
1362	0.1315
1363	0.09902
1364	0.1006
1365	0.06923
1366	0.1403
1367	0.1507
1368	0.06633
1369	0.07935
1370	0.1143
1371	0.04027
1372	0.1383
1373	0.1292
1374	0.08105
1375	0.07843
1376	0.07183
1377	0.1477
1378	0.0424
1379	0.1228
1380	0.1199
1381	0.1339
1382	0.1269
1383	0.09783
1384	0.1206
1385	0.009368
1386	0.07137
1387	0.08383
1388	0.1328
1389	0.1215
1390	0.0885
1391	0.09033
1392	0.07963
1393	0.0338
1394	0.06871
1395	0.1255
1396	0.08612
1397	0.1186
1398	0.07959
1399	0.1183
1400	0.1066
1401	0.1058
1402	0.2014
1403	0.07776
1404	0.1088
1405	0.1097
1406	0.08963
1407	0.09546
1408	0.1188
1409	0.06521
1410	0.07571
1411	0.1205
1412	0.09279
1413	0.1023
1414	0.07323
1415	0.04625
1416	0.1139
1417	0.08343
1418	0.1105
1419	0.1143
1420	0.07429
1421	0.1229
1422	0.1549
1423	0.05522
1424	0.02088
1425	0.09374
1426	0.09137
1427	0.052
1428	0.05445
1429	0.1049
1430	0.123
1431	0.08787
1432	0.07347
1433	0.09572
1434	0.1488
1435	0.1107
1436	0.09486
1437	0.1031
1438	0.06326
1439	0.06357
1440	0.0878
1441	0.07679
1442	0.09096
1443	0.08855
1444	0.1032
1445	0.08079
1446	0.08032
1447	0.1462
1448	0.1046
1449	0.05556
1450	0.1255
1451	0.1484
1452	0.1048
1453	0.05219
1454	0.1217
1455	0.05082
1456	0.06149
1457	0.05899
1458	0.04539
1459	0.1335
1460	0.1207
1461	0.08368
1462	0.1184
1463	0.02812
1464	0.05923
1465	0.105
1466	0.09787
1467	0.09815
1468	0.08281
1469	0.1453
1470	0.08615
1471	0.1318
1472	0.1446
1473	0.105
1474	0.09298
1475	0.06176
1476	0.0578
1477	0.1358
1478	0.09118
1479	0.1212
1480	0.08564
1481	0.1399
1482	0.1499
1483	0.1419
1484	0.1069
1485	0.1451
1486	0.1031
1487	0.08598
1488	0.06087
1489	0.119
1490	0.08701
1491	0.061
1492	0.04199
1493	0.1436
1494	0.1578
1495	0.1747
1496	0.09132
1497	0.09308
1498	0.08569
1499	0.02968
1500	0.05125
1501	0.1137
1502	0.1494
1503	0.07947
1504	0.08596
1505	0.115
1506	0.06892
1507	0.1837
1508	0.1573
1509	0.09557
1510	0.08147
1511	0.1026
1512	0.1779
1513	0.2098
1514	0.06991
1515	0.1332
1516	0.09462
1517	0.06286
1518	0.1023
1519	0.1823
1520	0.1794
1521	0.1499
1522	0.1494
1523	0.02636
1524	0.1106
1525	0.1066
1526	0.04951
1527	0.07771
1528	0.09175
1529	0.1323
1530	0.1446
1531	0.05894
1532	0.116
1533	0.03791
1534	0.05705
1535	0.127
1536	0.1072
1537	0.1133
1538	0.1103
1539	0.1776
1540	0.1467
1541	0.08742
1542	0.09322
1543	0.09202
1544	0.02804
1545	0.06737
1546	0.02667
1547	0.1021
1548	0.04376
1549	0.1082
1550	0.1292
1551	0.1554
1552	0.08659
1553	0.2357
1554	0.1319
1555	0.09326
1556	0.04493
1557	0.08537
1558	0.109
1559	0.06637
1560	0.1288
1561	0.1396
1562	0.131
1563	0.07561
1564	0.1197
1565	0.05858
1566	0.00858
1567	0.07956
1568	0.1326
1569	0.08137
1570	0.06652
1571	0.01916
1572	0.07963
1573	0.0593
1574	0.1118
1575	0.0812
1576	0.1112
1577	0.06918
1578	0.1255
1579	0.08531
1580	0.08092
1581	0.08898
1582	0.07972
1583	0.03469
1584	0.145
1585	0.06478
1586	0.02777
1587	0.1391
1588	0.1763
1589	0.1475
1590	0.07326
1591	0.1082
1592	0.1324
1593	0.1246
1594	0.0891
1595	0.1071
1596	0.1547
1597	0.09572
1598	0.1179
1599	-0.03052
1600	0.07531
1601	0.1347
1602	0.1226
1603	0.08677
1604	0.1023
1605	0.1102
1606	0.07649
1607	0.0673
1608	0.0914
1609	0.05814
1610	0.1107
1611	0.1097
1612	0.1206
1613	0.07523
1614	0.04806
1615	0.1086
1616	0.07795
1617	0.04709
1618	0.06331
1619	0.06663
1620	0.1325
1621	0.1337
1622	0.149
1623	0.1302
1624	0.05986
1625	0.1296
1626	0.04796
1627	0.1339
1628	0.1297
1629	0.07571
1630	0.1102
1631	0.1081
1632	0.08615
1633	0.09512
1634	0.01944
1635	0.06038
1636	0.1456
1637	-0.01735
1638	0.07018
1639	0.1066
1640	0.1398
1641	0.1249
1642	0.08762
1643	0.1113
1644	0.06282
1645	0.08675
1646	0.06915
1647	0.08163
1648	0.1377
1649	0.1055
1650	0.1166
1651	0.07357
1652	0.1078
1653	0.08113
1654	0.09153
1655	0.09413
1656	0.09015
1657	0.1215
1658	0.03282
1659	0.05332
1660	0.03672
1661	0.05828
1662	0.08098
1663	0.0602
1664	0.05747
1665	0.06724
1666	0.08059
1667	0.141
1668	0.06774
1669	0.09268
1670	0.06473
1671	0.01139
1672	0.08382
1673	0.09018
1674	0.1355
1675	0.04495
1676	0.09596
1677	0.09203
1678	0.1356
1679	0.1483
1680	0.08331
1681	0.04587
1682	0.1543
1683	0.1394
1684	0.09845
1685	0.07402
1686	0.1615
1687	0.02102
1688	0.1542
1689	0.1134
1690	0.07221
1691	0.1362
1692	0.107
1693	0.09602
1694	0.1451
1695	0.1249
1696	0.1246
1697	0.09732
1698	0.1778
1699	0.1058
1700	0.09903
1701	0.09435
1702	0.1053
1703	0.06182
1704	0.1366
1705	0.09086
1706	0.1047
1707	0.07901
1708	0.1037
1709	0.1196
1710	0.1757
1711	0.06346
1712	0.08201
1713	0.06669
1714	0.1649
1715	0.1534
1716	0.1173
1717	0.1047
1718	0.09031
1719	0.1015
1720	0.1322
1721	0.1213
1722	0.116
1723	0.02524
1724	0.1084
1725	0.09927
1726	0.07505
1727	0.1428
1728	0.08718
1729	0.08465
1730	0.1201
1731	0.03733
1732	0.06505
1733	0.07633
1734	0.04169
1735	0.1345
1736	0.05416
1737	0.03348
1738	0.1029
1739	0.06448
1740	0.1232
1741	0.1257
1742	0.06853
1743	0.05802
1744	0.1041
1745	0.06286
1746	0.07447
1747	0.05263
1748	0.06645
1749	0.1256
1750	0.1271
1751	0.1246
1752	0.1352
1753	0.108
1754	0.05695
1755	0.1377
1756	0.08932
1757	0.08393
1758	0.1644
1759	0.09748
1760	0.07148
1761	0.05286
1762	0.07544
1763	0.1041
1764	0.09319
1765	0.1209
1766	0.05086
1767	0.08752
1768	0.09393
1769	0.09379
1770	0.1404
1771	0.1717
1772	0.1919
1773	0.1098
1774	0.1504
1775	0.1238
1776	0.04563
1777	0.0876
1778	0.07773
1779	0.08018
1780	0.1278
1781	0.08446
1782	0.03317
1783	0.05004
1784	0.1292
1785	0.1065
1786	0.1216
1787	0.09336
1788	0.09173
1789	0.05122
1790	0.1417
1791	0.1176
1792	0.1385
1793	0.106
1794	0.05231
1795	0.1021
1796	0.09903
1797	0.04563
1798	0.1143
1799	0.09083
1800	0.1638
1801	0.104
1802	0.08908
1803	0.1421
1804	0.07343
1805	0.08311
1806	0.119
1807	0.09538
1808	0.1185
1809	0.07807
1810	0.1396
1811	0.1098
1812	0.1407
1813	0.08003
1814	0.148
1815	0.155
1816	0.05555
1817	0.04655
1818	0.1622
1819	0.06375
1820	0.1484
1821	0.06532
1822	0.1236
1823	0.06941
1824	0.09818
1825	0.1383
1826	0.1233
1827	0.06978
1828	0.08509
1829	0.1322
1830	0.1109
1831	0.0629
1832	0.08735
1833	0.1167
1834	0.1661
1835	0.0797
1836	0.1027
1837	0.08376
1838	0.09639
1839	0.07028
1840	0.04473
1841	0.05295
1842	0.09093
1843	0.08193
1844	0.132
1845	0.1241
1846	0.04281
1847	0.08913
1848	0.0875
1849	0.1041
1850	0.1063
1851	0.06645
1852	0.09949
1853	0.07151
1854	0.05309
1855	0.06949
1856	0.1264
1857	0.07213
1858	0.07148
1859	0.06396
1860	0.02616
1861	0.125
1862	0.1493
1863	0.1149
1864	0.08565
1865	0.0386
1866	0.04608
1867	0.07932
1868	0.1213
1869	0.07489
1870	0.03459
1871	0.08592
1872	0.08276
1873	0.02804
1874	0.08921
1875	0.08257
1876	0.1664
1877	0.08928
1878	0.1115
1879	0.119
1880	0.08563
1881	0.09876
1882	0.09256
1883	0.09374
1884	0.143
1885	0.1367
1886	0.1334
1887	0.1211
1888	0.1028
1889	0.05938
1890	0.07046
1891	0.0429
1892	0.1207
1893	0.105
1894	0.1426
1895	0.1554
1896	0.0779
1897	0.07144
1898	0.1354
1899	0.1006
1900	0.1165
1901	0.08862
1902	0.1126
1903	0.1272
1904	0.1133
1905	0.1499
1906	0.1599
1907	0.08503
1908	0.07077
1909	0.04623
1910	0.1914
1911	0.1592
1912	0.07969
1913	0.05642
1914	0.02816
1915	0.07398
1916	0.1067
1917	0.01671
1918	0.112
1919	0.1459
1920	0.1177
1921	0.1063
1922	0.07072
1923	0.09176
1924	0.1048
1925	0.01441
1926	0.152
1927	0.1155
1928	0.09072
1929	0.1353
1930	0.1175
1931	0.04068
1932	0.1251
1933	0.1287
1934	0.06402
1935	0.05074
1936	0.1264
1937	0.1355
1938	0.1208
1939	0.1171
1940	0.1339
1941	0.07776
1942	0.1054
1943	0.08858
1944	0.08266
1945	0.1659
1946	0.02351
1947	0.07769
1948	0.0696
1949	-0.02809
1950	0.05828
1951	0.06831
1952	0.1042
1953	0.04648
1954	0.1114
1955	0.1433
1956	0.1515
1957	0.1443
1958	0.07199
1959	0.1098
1960	0.1913
1961	0.141
1962	0.1145
1963	0.0648
1964	0.1331
1965	0.1615
1966	0.04176
1967	0.04394
1968	0.1065
1969	0.05917
1970	0.04395
1971	0.1009
1972	0.1029
1973	0.1715
1974	0.09112
1975	0.09289
1976	0.06838
1977	0.0424
1978	0.1079
1979	0.0708
1980	0.06127
1981	0.1818
1982	0.1193
1983	-0.004451
1984	0.08655
1985	0.1209
1986	0.0487
1987	0.09958
1988	0.0525
1989	0.1198
1990	0.0592
1991	0.1993
1992	0.146
1993	0.09473
1994	0.07713
1995	0.09757
1996	0.05703
1997	0.09625
1998	0.139
1999	0.09943
2000	0.09922
1001	-0.002933
1002	0.00162
1003	9.613E-4
1004	0.003765
1005	-0.002262
1006	0.003425
1007	0.002677
1008	0.002921
1009	0.005552
1010	-0.005967
1011	0.003279
1012	-0.004229
1013	-5.479E-4
1014	0.002996
1015	-0.003637
1016	0.005064
1017	0.002835
1018	-0.003898
1019	-1.376E-4
1020	0.001024
1021	0.003356
1022	-4.106E-6
1023	0.001149
1024	-0.002744
1025	-7.733E-4
1026	0.006223
1027	7.72E-4
1028	0.002486
1029	-0.004529
1030	2.015E-4
1031	-0.005132
1032	-0.004212
1033	0.00431
1034	-0.00215
1035	-0.002082
1036	0.004149
1037	0.003552
1038	-5.135E-4
1039	-1.256E-5
1040	0.001294
1041	-0.002027
1042	-0.001827
1043	-0.003056
1044	3.123E-4
1045	0.00384
1046	0.004477
1047	0.002623
1048	6.94E-4
1049	0.001729
1050	-7.255E-5
1051	0.002691
1052	-0.004947
1053	7.083E-4
1054	-0.001199
1055	3.854E-4
1056	0.002223
1057	6.558E-4
1058	5.037E-4
1059	-8.776E-4
1060	0.005606
1061	-5.178E-4
1062	0.001639
1063	0.005167
1064	8.433E-4
1065	-0.001794
1066	-0.003531
1067	-0.006489
1068	-0.004667
1069	5.606E-4
1070	-1.549E-4
1071	-0.004219
1072	-0.002472
1073	-0.003548
1074	0.001701
1075	0.00239
1076	-0.001861
1077	-0.005922
1078	0.001599
1079	0.001361
1080	-0.004801
1081	-0.002671
1082	-0.003566
1083	2.595E-4
1084	-7.769E-4
1085	0.004307
1086	9.006E-4
1087	-0.003416
1088	-3.696E-4
1089	0.001012
1090	3.201E-4
1091	-0.002392
1092	-0.002208
1093	0.001623
1094	0.007481
1095	-0.004823
1096	-0.001969
1097	0.001613
1098	0.002981
1099	-0.003654
1100	-0.006534
1101	7.574E-4
1102	-0.003305
1103	-0.002245
1104	-1.083E-4
1105	-5.536E-4
1106	-3.997E-4
1107	0.001978
1108	-0.002949
1109	9.763E-4
1110	-0.007823
1111	-7.217E-4
1112	-5.348E-4
1113	0.005368
1114	6.123E-4
1115	0.006201
1116	0.008021
1117	-0.005731
1118	5.701E-4
1119	-0.001104
1120	-0.001914
1121	-0.001477
1122	-0.001558
1123	0.007433
1124	4.21E-4
1125	0.004704
1126	-7.783E-4
1127	6.316E-4
1128	-0.002874
1129	0.003624
1130	0.003765
1131	9.446E-5
1132	0.002525
1133	0.002759
1134	-0.002024
1135	0.0014
1136	-8.725E-4
1137	0.002291
1138	4.729E-4
1139	-4.307E-4
1140	-0.007935
1141	0.002306
1142	-1.892E-4
1143	-0.005223
1144	0.002854
1145	-2.205E-6
1146	0.004113
1147	-0.003953
1148	-0.00162
1149	0.001986
1150	0.006035
1151	-0.004631
1152	-0.001017
1153	0.003147
1154	-1.69E-5
1155	-0.002223
1156	-0.004471
1157	0.005026
1158	0.005705
1159	0.001176
1160	-0.003017
1161	-0.003963
1162	-0.001608
1163	-0.002247
1164	-0.001131
1165	-7.099E-4
1166	0.003072
1167	4.272E-4
1168	0.003084
1169	2.585E-4
1170	-0.003001
1171	2.376E-4
1172	-1.903E-4
1173	1.432E-4
1174	0.008608
1175	0.003197
1176	-0.004377
1177	0.003293
1178	-0.001433
1179	-0.003754
1180	9.967E-4
1181	-8.894E-4
1182	-0.001191
1183	0.005172
1184	-2.815E-4
1185	0.003233
1186	0.002359
1187	0.001497
1188	-0.001435
1189	-0.00197
1190	3.844E-6
1191	-0.001484
1192	0.00592
1193	-0.006801
1194	0.002163
1195	0.003318
1196	0.001964
1197	0.001179
1198	-1.419E-4
1199	0.004701
1200	0.001259
1201	-0.002257
1202	-0.002524
1203	-0.002863
1204	-0.005243
1205	0.002355
1206	9.086E-4
1207	-2.848E-4
1208	-0.004224
1209	-4.216E-4
1210	7.638E-4
1211	-0.001698
1212	4.479E-4
1213	8.183E-4
1214	-0.004764
1215	0.001067
1216	-9.353E-4
1217	-0.002289
1218	3.013E-5
1219	0.001718
1220	-0.003809
1221	-0.001175
1222	-1.682E-4
1223	-7.711E-4
1224	-0.002613
1225	-0.004537
1226	-4.818E-4
1227	-0.004321
1228	-0.001286
1229	3.855E-4
1230	-0.002293
1231	0.003019
1232	-7.644E-4
1233	-0.004922
1234	0.003949
1235	0.005108
1236	-0.004063
1237	-0.002622
1238	0.001188
1239	-0.002642
1240	5.359E-4
1241	-6.711E-4
1242	-0.002516
1243	-0.003135
1244	-0.004243
1245	-0.002335
1246	0.003399
1247	1.85E-4
1248	0.003016
1249	-0.002177
1250	-3.944E-4
1251	-0.004497
1252	-0.006865
1253	0.001883
1254	0.001972
1255	-0.003659
1256	-0.001081
1257	8.06E-5
1258	0.001772
1259	6.299E-4
1260	-0.001375
1261	-0.001313
1262	5.578E-4
1263	-0.002091
1264	3.789E-4
1265	0.003039
1266	-5.11E-4
1267	0.003716
1268	0.001005
1269	0.002538
1270	6.46E-4
1271	0.002457
1272	-0.00405
1273	0.005147
1274	0.00172
1275	-3.081E-4
1276	0.001948
1277	-0.002718
1278	-0.00258
1279	-0.001303
1280	-0.001226
1281	0.005825
1282	-0.001615
1283	0.00429
1284	0.001059
1285	-0.008251
1286	-0.008109
1287	-0.001403
1288	0.00193
1289	-9.065E-4
1290	6.999E-4
1291	0.003904
1292	-0.004534
1293	-0.003483
1294	-0.001147
1295	0.003812
1296	0.003052
1297	-2.72E-4
1298	0.003402
1299	1.337E-4
1300	-0.006781
1301	-0.007966
1302	-0.005192
1303	0.004021
1304	-0.001847
1305	0.001829
1306	2.604E-4
1307	-0.001024
1308	0.00312
1309	-0.002142
1310	-0.002238
1311	0.003402
1312	3.75E-4
1313	0.004311
1314	3.521E-4
1315	-0.001986
1316	-0.006507
1317	0.002547
1318	-8.769E-5
1319	0.001615
1320	0.001363
1321	-0.002423
1322	2.084E-4
1323	0.003296
1324	0.003488
1325	0.004079
1326	-4.808E-4
1327	-0.002647
1328	0.002889
1329	0.005147
1330	-0.002604
1331	-8.278E-4
1332	4.406E-4
1333	-0.005093
1334	0.002587
1335	0.004327
1336	0.002349
1337	-0.001542
1338	-0.001131
1339	-0.004316
1340	-8.352E-6
1341	0.002436
1342	1.635E-4
1343	-4.022E-4
1344	-0.003353
1345	-0.006322
1346	0.005139
1347	-4.965E-4
1348	9.266E-4
1349	-0.001054
1350	0.004537
1351	0.00216
1352	9.17E-4
1353	-7.195E-4
1354	0.00164
1355	-0.00251
1356	-0.003335
1357	0.002696
1358	-0.002705
1359	0.004116
1360	-0.006481
1361	-0.003763
1362	0.002849
1363	0.004542
1364	0.001729
1365	-0.005109
1366	0.002687
1367	0.004935
1368	-0.001583
1369	-0.002552
1370	-0.002987
1371	2.498E-4
1372	0.002935
1373	-0.001668
1374	3.543E-4
1375	0.002257
1376	-0.001726
1377	0.004034
1378	0.006162
1379	-0.001704
1380	0.002272
1381	0.004212
1382	0.004279
1383	-4.852E-4
1384	0.002079
1385	8.216E-4
1386	-0.001901
1387	-0.001662
1388	0.001204
1389	-0.003498
1390	2.91E-4
1391	0.001703
1392	-0.001932
1393	-0.001735
1394	-0.003672
1395	0.006287
1396	-0.002091
1397	-5.524E-4
1398	-6.974E-5
1399	0.002058
1400	-0.001913
1401	-0.003461
1402	-7.605E-4
1403	0.00361
1404	0.006065
1405	0.003158
1406	0.003411
1407	-0.005087
1408	0.001443
1409	-0.003584
1410	-3.502E-5
1411	0.002248
1412	0.006643
1413	5.901E-4
1414	-3.18E-4
1415	0.002844
1416	-0.001316
1417	-6.966E-4
1418	5.258E-5
1419	-0.005283
1420	-5.891E-4
1421	0.006754
1422	-0.002621
1423	1.501E-4
1424	-0.002804
1425	-4.464E-4
1426	0.002558
1427	-0.003586
1428	0.004473
1429	-1.551E-4
1430	-0.004224
1431	-0.001674
1432	-8.642E-5
1433	-0.002839
1434	-0.002803
1435	8.612E-4
1436	8.045E-4
1437	-5.476E-4
1438	0.003542
1439	0.002782
1440	-2.604E-4
1441	0.002077
1442	-9.623E-4
1443	0.004503
1444	9.962E-4
1445	-0.003386
1446	-0.001501
1447	-0.001795
1448	0.002894
1449	-1.588E-4
1450	0.004695
1451	5.172E-4
1452	-0.001163
1453	-3.505E-4
1454	0.00355
1455	-0.00213
1456	-0.00212
1457	0.002354
1458	0.00261
1459	6.501E-4
1460	0.002592
1461	-4.788E-6
1462	-0.001191
1463	-0.002276
1464	0.001094
1465	0.00324
1466	-0.003939
1467	-0.007089
1468	-0.001866
1469	4.429E-4
1470	-0.002246
1471	0.002547
1472	6.418E-4
1473	0.008031
1474	0.003859
1475	-0.004274
1476	-0.00187
1477	-9.582E-4
1478	5.173E-4
1479	4.031E-4
1480	-0.002343
1481	-0.00754
1482	0.004411
1483	-0.002334
1484	-0.002939
1485	1.328E-4
1486	0.001966
1487	0.00297
1488	1.422E-6
1489	0.002309
1490	-0.004185
1491	-0.001607
1492	-0.007059
1493	-0.006167
1494	0.002181
1495	0.001584
1496	-0.002546
1497	0.00179
1498	9.488E-4
1499	7.418E-4
1500	-7.17E-4
1501	-0.003665
1502	0.005524
1503	0.003764
1504	-0.007465
1505	-0.001673
1506	-0.007082
1507	0.001895
1508	-8.705E-4
1509	-8.991E-5
1510	-0.003804
1511	-0.001354
1512	0.001402
1513	0.001358
1514	-0.00201
1515	0.003002
1516	5.093E-4
1517	-0.003893
1518	-0.004034
1519	-0.002811
1520	0.001509
1521	-0.002363
1522	-0.004051
1523	-0.004592
1524	0.007732
1525	-0.003916
1526	0.001037
1527	0.002076
1528	0.001332
1529	0.002043
1530	-0.007536
1531	0.001096
1532	0.001623
1533	0.003318
1534	0.002893
1535	0.003524
1536	0.001643
1537	0.001281
1538	0.00162
1539	-0.001935
1540	-5.515E-4
1541	-0.001992
1542	-0.001395
1543	-0.005553
1544	0.002222
1545	0.007015
1546	0.001774
1547	-0.002982
1548	0.003837
1549	0.001898
1550	-0.002087
1551	0.007787
1552	-1.211E-4
1553	4.017E-4
1554	-1.8E-4
1555	-3.398E-4
1556	-0.004893
1557	0.004359
1558	0.007785
1559	0.002892
1560	-5.904E-4
1561	0.004923
1562	0.003112
1563	-0.002033
1564	-0.005527
1565	-0.001403
1566	-0.00451
1567	-0.008849
1568	0.005349
1569	0.003285
1570	-0.001049
1571	-0.003698
1572	0.003474
1573	7.774E-4
1574	0.00221
1575	-0.006046
1576	0.003265
1577	0.002777
1578	0.002252
1579	0.001082
1580	0.005361
1581	-0.001807
1582	5.267E-4
1583	0.00688
1584	0.002232
1585	-0.005983
1586	-0.003613
1587	0.00307
1588	0.002097
1589	0.001224
1590	-0.003207
1591	-0.004636
1592	-0.001698
1593	0.007269
1594	-0.003404
1595	-0.002914
1596	-0.003921
1597	8.523E-5
1598	0.004309
1599	-0.002046
1600	0.006692
1601	-0.002027
1602	-4.969E-4
1603	-5.179E-5
1604	-0.00424
1605	0.001843
1606	7.692E-4
1607	0.00329
1608	0.001932
1609	-0.003122
1610	-6.596E-4
1611	0.006153
1612	-0.003833
1613	-4.047E-4
1614	-4.543E-4
1615	0.005761
1616	-0.008132
1617	-0.001901
1618	0.001173
1619	0.001994
1620	-0.004239
1621	-0.001043
1622	0.003075
1623	0.003705
1624	0.005012
1625	0.001411
1626	-2.636E-4
1627	0.001839
1628	0.001447
1629	-0.003001
1630	-0.001781
1631	4.694E-4
1632	0.002156
1633	0.002095
1634	0.004506
1635	-0.004903
1636	0.00515
1637	0.002299
1638	-1.62E-4
1639	0.001048
1640	0.005164
1641	-3.229E-4
1642	-0.002028
1643	-6.841E-4
1644	-0.001757
1645	0.008173
1646	-2.455E-4
1647	0.004128
1648	-0.00161
1649	0.003948
1650	0.00621
1651	-3.831E-4
1652	0.001861
1653	-9.836E-4
1654	-0.001034
1655	1.185E-4
1656	8.399E-4
1657	-1.955E-4
1658	0.001742
1659	0.00113
1660	-0.002808
1661	2.723E-5
1662	0.002462
1663	-0.002287
1664	-0.005401
1665	4.842E-4
1666	0.003224
1667	-0.001705
1668	-0.003074
1669	0.001387
1670	-7.636E-4
1671	-0.002434
1672	5.169E-4
1673	0.003377
1674	-0.003368
1675	3.073E-4
1676	0.005224
1677	1.834E-4
1678	-0.004823
1679	7.78E-5
1680	-0.003819
1681	0.004246
1682	-3.476E-5
1683	0.001802
1684	-0.001002
1685	7.853E-5
1686	0.002662
1687	0.00223
1688	0.001209
1689	0.002141
1690	-0.001167
1691	0.003255
1692	-0.005824
1693	-0.001632
1694	0.001307
1695	-0.00366
1696	0.001628
1697	6.121E-4
1698	0.004248
1699	0.004574
1700	0.006569
1701	-0.00302
1702	-6.322E-4
1703	-0.002064
1704	0.0029
1705	-0.001939
1706	0.0041
1707	0.003114
1708	9.983E-4
1709	0.004512
1710	0.002467
1711	-0.002462
1712	-0.002162
1713	6.67E-4
1714	-0.002319
1715	-0.005726
1716	0.005376
1717	0.003574
1718	-0.004221
1719	-0.001907
1720	-0.001588
1721	0.003182
1722	0.004321
1723	-0.003689
1724	-5.599E-4
1725	0.003032
1726	-0.003203
1727	0.004637
1728	0.002293
1729	0.003113
1730	-0.004406
1731	-0.001836
1732	0.005
1733	6.492E-4
1734	-3.48E-4
1735	0.003012
1736	0.002756
1737	4.764E-5
1738	0.001772
1739	-2.48E-4
1740	-4.878E-4
1741	-0.0032
1742	-0.004244
1743	-0.002627
1744	-0.003994
1745	0.001773
1746	0.002095
1747	4.805E-4
1748	-0.002062
1749	-7.488E-4
1750	-0.001235
1751	-7.59E-4
1752	0.004473
1753	6.528E-4
1754	0.001735
1755	-0.003231
1756	9.032E-4
1757	0.002371
1758	0.003267
1759	3.472E-4
1760	-7.312E-4
1761	-0.001029
1762	-5.878E-4
1763	-0.005591
1764	0.001362
1765	-9.282E-4
1766	0.001845
1767	0.001707
1768	-8.796E-4
1769	-7.694E-4
1770	0.005265
1771	1.251E-4
1772	0.002292
1773	-3.849E-4
1774	-0.004704
1775	1.733E-4
1776	0.005253
1777	0.001302
1778	-0.006087
1779	-0.001924
1780	0.001177
1781	-0.001334
1782	0.001601
1783	0.001777
1784	0.002199
1785	0.00152
1786	0.002652
1787	0.003411
1788	-0.002319
1789	-0.005512
1790	0.002707
1791	0.00463
1792	-0.002297
1793	-0.003514
1794	0.004542
1795	0.004112
1796	0.001229
1797	-0.001778
1798	-0.007131
1799	-8.952E-4
1800	0.003303
1801	7.94E-4
1802	0.004024
1803	-0.002828
1804	0.003715
1805	0.001079
1806	0.002801
1807	-0.00357
1808	0.006474
1809	-0.003485
1810	-5.693E-4
1811	-1.014E-4
1812	0.006725
1813	-5.384E-4
1814	-0.003311
1815	0.00401
1816	0.001645
1817	-0.005059
1818	-0.001015
1819	-0.006115
1820	0.002084
1821	-0.001003
1822	-0.001514
1823	-0.001563
1824	0.00379
1825	4.725E-4
1826	-0.002377
1827	-4.926E-4
1828	7.438E-4
1829	3.685E-5
1830	0.003497
1831	-8.362E-4
1832	-0.004238
1833	0.001052
1834	5.351E-4
1835	-4.719E-4
1836	-1.229E-4
1837	0.002237
1838	-0.002019
1839	-0.004048
1840	-0.003382
1841	-0.00163
1842	5.245E-4
1843	-0.002662
1844	-6.123E-4
1845	9.761E-4
1846	0.002417
1847	0.005936
1848	-0.002486
1849	-4.881E-4
1850	-0.002896
1851	0.003868
1852	-0.005059
1853	-2.735E-4
1854	-0.001614
1855	0.006826
1856	0.003675
1857	0.00274
1858	-0.004354
1859	6.625E-5
1860	-3.589E-4
1861	9.874E-4
1862	0.008695
1863	8.404E-4
1864	0.001593
1865	0.003651
1866	-1.502E-4
1867	-0.004549
1868	-0.002239
1869	-0.005879
1870	-8.559E-4
1871	0.001429
1872	-0.001166
1873	0.002621
1874	0.001735
1875	0.002304
1876	0.004634
1877	0.002497
1878	0.005168
1879	0.002193
1880	0.004401
1881	0.004085
1882	0.001083
1883	-3.705E-4
1884	0.001273
1885	3.371E-4
1886	-0.001656
1887	0.00134
1888	-0.004233
1889	0.005789
1890	0.00234
1891	1.717E-4
1892	-0.001726
1893	0.001665
1894	-0.001772
1895	-7.039E-4
1896	-2.712E-4
1897	0.001364
1898	0.002371
1899	-0.003313
1900	-4.706E-4
1901	7.277E-4
1902	0.001502
1903	-0.008085
1904	-2.604E-4
1905	9.943E-4
1906	0.003894
1907	-0.006886
1908	-0.004073
1909	-0.003135
1910	-1.255E-4
1911	-0.001243
1912	0.002035
1913	0.00379
1914	0.001043
1915	-0.001068
1916	0.002749
1917	-0.005067
1918	0.001703
1919	-0.001023
1920	0.001576
1921	-0.002968
1922	-4.913E-4
1923	-5.044E-4
1924	-5.452E-4
1925	7.063E-4
1926	0.004353
1927	8.792E-4
1928	0.003963
1929	0.004068
1930	0.001067
1931	-0.004006
1932	-0.004336
1933	-0.003629
1934	-0.003355
1935	0.006826
1936	-0.002536
1937	-0.002615
1938	6.643E-4
1939	0.0066
1940	0.002005
1941	0.004166
1942	-0.005323
1943	0.004299
1944	-0.003229
1945	0.003405
1946	-0.004316
1947	0.001584
1948	0.0016
1949	-0.00249
1950	0.001116
1951	-0.001674
1952	-0.003491
1953	0.001125
1954	3.792E-5
1955	0.002013
1956	-8.212E-4
1957	-0.005222
1958	0.002853
1959	7.21E-4
1960	0.002048
1961	0.001064
1962	-0.001629
1963	0.002159
1964	0.002442
1965	-4.991E-4
1966	-0.001477
1967	0.00118
1968	-0.003373
1969	-0.001423
1970	0.003506
1971	0.003016
1972	0.002514
1973	0.004645
1974	8.224E-4
1975	0.003111
1976	-0.006751
1977	-0.006518
1978	-0.003391
1979	7.934E-4
1980	-6.424E-4
1981	0.002284
1982	-0.004518
1983	0.004077
1984	-0.006289
1985	6.129E-4
1986	-0.003494
1987	-0.002491
1988	-4.626E-5
1989	6.232E-5
1990	-0.004579
1991	-0.002591
1992	2.359E-4
1993	8.935E-4
1994	-0.002765
1995	7.357E-4
1996	0.004002
1997	-0.004064
1998	3.985E-4
1999	0.001189
2000	-0.0042
1001	-0.0134
1002	0.04156
1003	0.1313
1004	0.07566
1005	0.05585
1006	0.06965
1007	-0.01051
1008	0.08787
1009	0.154
1010	0.01216
1011	0.04994
1012	0.1656
1013	0.09237
1014	0.08711
1015	0.09454
1016	0.04107
1017	0.07701
1018	0.03591
1019	0.01976
1020	0.05227
1021	-0.0255
1022	0.0547
1023	-0.01296
1024	0.02447
1025	0.1187
1026	0.1305
1027	0.1029
1028	0.1103
1029	0.04733
1030	0.007393
1031	0.06007
1032	0.04521
1033	0.1341
1034	0.1241
1035	0.0643
1036	0.08013
1037	0.007722
1038	0.07773
1039	0.00112
1040	0.018
1041	0.1059
1042	0.05332
1043	0.07836
1044	0.01419
1045	0.03446
1046	-0.01291
1047	0.1128
1048	0.02804
1049	-0.01353
1050	0.05538
1051	0.06213
1052	0.06703
1053	0.08009
1054	0.02135
1055	0.02218
1056	0.08542
1057	0.05369
1058	0.09847
1059	0.05466
1060	0.074
1061	0.05064
1062	0.05028
1063	0.09168
1064	0.07576
1065	0.06427
1066	0.07278
1067	0.09446
1068	0.1126
1069	0.04123
1070	0.006671
1071	-0.01078
1072	0.07993
1073	0.1161
1074	0.01574
1075	0.05424
1076	0.02258
1077	0.06811
1078	0.002696
1079	0.04445
1080	0.04816
1081	0.05013
1082	0.07058
1083	0.06614
1084	0.07628
1085	0.05661
1086	0.02304
1087	0.1376
1088	0.004754
1089	-0.008708
1090	0.06681
1091	0.04688
1092	0.04345
1093	0.05062
1094	0.1621
1095	0.06875
1096	0.08673
1097	-0.0272
1098	0.09878
1099	0.08433
1100	0.0702
1101	0.01238
1102	0.05869
1103	0.05237
1104	0.01708
1105	0.08019
1106	0.03316
1107	0.03948
1108	0.04338
1109	0.06549
1110	0.02868
1111	0.03342
1112	0.07842
1113	0.04146
1114	0.02878
1115	0.00395
1116	0.09535
1117	0.1285
1118	0.08032
1119	0.07337
1120	0.08967
1121	0.01515
1122	0.03657
1123	0.04809
1124	0.1053
1125	0.1573
1126	0.06464
1127	-0.003277
1128	0.05406
1129	0.09304
1130	0.05014
1131	0.07391
1132	-0.03764
1133	0.04335
1134	0.08554
1135	0.0611
1136	0.0125
1137	0.04597
1138	0.1858
1139	0.1164
1140	0.01921
1141	0.05623
1142	0.04359
1143	0.05341
1144	0.1085
1145	0.06622
1146	0.08208
1147	0.06584
1148	0.05854
1149	0.09627
1150	0.06863
1151	0.1011
1152	0.1044
1153	0.06794
1154	0.1011
1155	-0.03705
1156	0.0519
1157	0.04007
1158	0.07547
1159	0.0721
1160	0.03676
1161	-0.02735
1162	0.05481
1163	0.07947
1164	0.04626
1165	0.0716
1166	0.04443
1167	0.05325
1168	0.05392
1169	0.08887
1170	0.0424
1171	0.05174
1172	0.08141
1173	0.06192
1174	0.05961
1175	0.09786
1176	0.09616
1177	0.06755
1178	0.08271
1179	0.05616
1180	0.08779
1181	0.04908
1182	0.1094
1183	0.02381
1184	0.08046
1185	0.06106
1186	0.06043
1187	0.06361
1188	0.03313
1189	-0.02847
1190	0.05551
1191	0.04407
1192	0.1558
1193	0.0802
1194	0.03292
1195	0.07146
1196	0.1101
1197	0.03917
1198	0.0576
1199	0.1026
1200	0.05168
1201	0.0896
1202	0.03668
1203	0.02064
1204	0.08537
1205	0.08051
1206	0.09661
1207	0.03984
1208	0.06746
1209	-0.009046
1210	0.102
1211	0.03651
1212	0.04436
1213	0.06678
1214	0.1275
1215	0.01253
1216	0.04183
1217	0.027
1218	0.06492
1219	0.1143
1220	0.09588
1221	0.07741
1222	0.1127
1223	0.08864
1224	0.139
1225	0.08762
1226	0.05762
1227	0.03035
1228	0.04629
1229	0.1142
1230	0.07851
1231	0.02651
1232	0.1402
1233	0.1033
1234	0.1119
1235	0.04103
1236	0.07335
1237	0.05596
1238	0.08965
1239	0.02924
1240	-0.04319
1241	0.05317
1242	0.03476
1243	0.02221
1244	0.03341
1245	-0.005518
1246	0.03638
1247	0.08132
1248	0.105
1249	0.05352
1250	0.1474
1251	0.1326
1252	0.007096
1253	0.09183
1254	0.09053
1255	0.08916
1256	0.104
1257	0.01824
1258	-0.01334
1259	0.02433
1260	0.08592
1261	0.05282
1262	0.1227
1263	0.09341
1264	0.07712
1265	0.1152
1266	0.07685
1267	0.05629
1268	0.01486
1269	0.04474
1270	0.1035
1271	0.0443
1272	0.0221
1273	0.1252
1274	0.04817
1275	0.07139
1276	0.01143
1277	0.01676
1278	-0.01892
1279	0.09461
1280	0.03506
1281	0.03719
1282	0.02077
1283	-0.007429
1284	0.05218
1285	0.1196
1286	0.1027
1287	0.07897
1288	0.06892
1289	0.103
1290	0.01346
1291	0.03791
1292	0.07915
1293	-0.03804
1294	0.04003
1295	0.04248
1296	0.1185
1297	0.03727
1298	0.09342
1299	0.1419
1300	0.07727
1301	0.07309
1302	0.02899
1303	0.05166
1304	-0.01962
1305	0.01599
1306	0.01238
1307	0.1228
1308	-0.0563
1309	0.05138
1310	0.04778
1311	0.05144
1312	0.032
1313	0.04841
1314	0.1103
1315	0.1147
1316	0.1153
1317	0.0831
1318	0.129
1319	0.03799
1320	0.1752
1321	0.04633
1322	0.1453
1323	0.02574
1324	0.1321
1325	0.09224
1326	0.06172
1327	-0.02474
1328	0.03284
1329	-0.005633
1330	0.08029
1331	0.1026
1332	0.08048
1333	0.00587
1334	0.01096
1335	0.06617
1336	0.1053
1337	0.084
1338	0.0734
1339	0.09057
1340	0.002
1341	0.06006
1342	0.006914
1343	0.1151
1344	0.07998
1345	0.06489
1346	0.02726
1347	0.1087
1348	0.07789
1349	0.06968
1350	0.07002
1351	0.1007
1352	0.0619
1353	0.07755
1354	0.1112
1355	0.02553
1356	0.06683
1357	0.002962
1358	0.0321
1359	0.07177
1360	0.06209
1361	0.1165
1362	0.1379
1363	0.0474
1364	0.08598
1365	0.008979
1366	0.1487
1367	0.122
1368	0.03491
1369	0.01266
1370	0.06546
1371	0.003279
1372	0.1561
1373	0.09946
1374	0.007741
1375	0.1051
1376	2.851E-5
1377	0.08822
1378	0.02097
1379	0.1371
1380	0.05524
1381	0.1482
1382	0.1009
1383	0.03828
1384	0.05996
1385	0.00322
1386	0.02573
1387	0.06794
1388	0.09191
1389	0.09617
1390	0.08105
1391	0.06189
1392	0.02781
1393	-0.03627
1394	0.03271
1395	0.08541
1396	4.473E-4
1397	0.09807
1398	0.03883
1399	0.04528
1400	0.06229
1401	0.08826
1402	0.0486
1403	0.04754
1404	0.003203
1405	0.05146
1406	0.05295
1407	0.04108
1408	0.07536
1409	0.01311
1410	0.05141
1411	0.08303
1412	0.06695
1413	0.07096
1414	0.04337
1415	-0.00888
1416	0.1142
1417	0.06068
1418	0.06086
1419	0.1729
1420	0.06455
1421	0.1027
1422	0.1928
1423	0.08414
1424	0.002451
1425	0.132
1426	0.07988
1427	0.07917
1428	0.046
1429	0.08896
1430	0.09721
1431	0.03323
1432	0.06409
1433	0.05967
1434	0.1321
1435	0.1642
1436	0.05377
1437	0.07161
1438	0.07211
1439	0.09246
1440	0.04378
1441	0.03751
1442	-0.004522
1443	0.07142
1444	0.08119
1445	0.09958
1446	0.05463
1447	0.07738
1448	0.07273
1449	0.04533
1450	0.0709
1451	0.1107
1452	0.07776
1453	0.03
1454	0.05183
1455	0.006691
1456	0.001508
1457	0.01141
1458	0.02596
1459	0.1414
1460	0.05688
1461	0.06586
1462	0.05249
1463	0.008563
1464	-0.002372
1465	0.06725
1466	0.09281
1467	0.03205
1468	0.01834
1469	0.1023
1470	0.04081
1471	0.05247
1472	0.09437
1473	0.1791
1474	0.125
1475	0.004176
1476	0.04918
1477	0.06827
1478	0.0293
1479	0.08615
1480	0.1241
1481	0.06261
1482	0.08629
1483	0.1084
1484	0.04741
1485	0.1318
1486	0.04
1487	0.04592
1488	0.03224
1489	0.05419
1490	0.05948
1491	0.05051
1492	0.02493
1493	0.07472
1494	0.0846
1495	0.1603
1496	0.07152
1497	0.09564
1498	0.01525
1499	0.02722
1500	0.003783
1501	0.07082
1502	0.112
1503	0.007245
1504	0.05758
1505	0.0778
1506	0.04673
1507	0.1839
1508	0.09071
1509	0.07098
1510	0.04224
1511	0.0607
1512	0.1101
1513	0.1583
1514	0.0525
1515	0.1322
1516	0.03795
1517	0.02696
1518	-0.001879
1519	0.09643
1520	0.05447
1521	0.005091
1522	0.04626
1523	-0.01134
1524	0.128
1525	0.07824
1526	0.04077
1527	0.04201
1528	0.1307
1529	0.05691
1530	0.1473
1531	0.01328
1532	0.06403
1533	-0.002426
1534	0.04878
1535	0.1351
1536	0.0964
1537	0.08645
1538	0.03427
1539	0.1254
1540	0.1397
1541	0.04521
1542	0.07582
1543	0.0741
1544	-0.07149
1545	0.01915
1546	0.03723
1547	0.06584
1548	0.004645
1549	0.08321
1550	0.06691
1551	0.1004
1552	0.06402
1553	0.1596
1554	-0.02488
1555	0.07915
1556	0.05101
1557	0.03115
1558	0.05703
1559	0.1044
1560	0.07777
1561	0.1018
1562	0.07957
1563	0.03308
1564	0.0617
1565	0.05248
1566	-0.05448
1567	0.03662
1568	0.1124
1569	0.03921
1570	0.01714
1571	0.01172
1572	0.0806
1573	0.0538
1574	0.1028
1575	0.07354
1576	0.03957
1577	0.06208
1578	0.09215
1579	0.1187
1580	0.0117
1581	0.04865
1582	0.05477
1583	-0.001457
1584	0.1286
1585	0.005736
1586	-0.006195
1587	0.08132
1588	0.1409
1589	0.05818
1590	0.02257
1591	0.02451
1592	0.1076
1593	0.08794
1594	0.1211
1595	0.1271
1596	0.126
1597	0.02562
1598	0.02241
1599	-0.04565
1600	0.0481
1601	0.1017
1602	0.08808
1603	0.053
1604	0.04012
1605	-0.01349
1606	0.09209
1607	0.03694
1608	0.04686
1609	0.04013
1610	-0.01458
1611	-0.05178
1612	0.03388
1613	0.09323
1614	0.04179
1615	0.08343
1616	0.08238
1617	0.05737
1618	0.02886
1619	0.09055
1620	0.09437
1621	0.1447
1622	0.119
1623	0.1359
1624	0.03437
1625	0.08206
1626	0.01378
1627	0.05287
1628	0.06163
1629	0.02533
1630	0.02069
1631	0.09466
1632	0.06595
1633	0.06578
1634	0.04583
1635	-0.04442
1636	0.0973
1637	-0.08911
1638	0.05735
1639	0.1259
1640	0.1353
1641	0.1122
1642	0.07218
1643	0.08766
1644	0.07933
1645	0.06016
1646	0.06484
1647	0.06219
1648	0.09073
1649	0.09691
1650	0.198
1651	0.09026
1652	0.09168
1653	0.06168
1654	0.03441
1655	0.08476
1656	0.07409
1657	0.1341
1658	0.01727
1659	-0.02685
1660	0.03877
1661	0.03054
1662	0.07277
1663	0.06765
1664	0.05801
1665	0.006897
1666	0.08463
1667	0.0561
1668	0.08228
1669	0.03926
1670	0.05093
1671	0.006604
1672	0.09286
1673	0.02855
1674	0.05628
1675	0.07233
1676	0.04016
1677	0.06296
1678	0.02819
1679	0.1006
1680	0.08359
1681	0.06671
1682	0.05291
1683	0.05429
1684	0.1061
1685	0.04752
1686	0.102
1687	0.007735
1688	0.09705
1689	0.0438
1690	0.1149
1691	0.04655
1692	0.08579
1693	0.06837
1694	0.1144
1695	0.0749
1696	0.06311
1697	0.05807
1698	0.1419
1699	0.07447
1700	0.1064
1701	0.07863
1702	-0.007015
1703	0.07393
1704	0.07121
1705	0.1008
1706	0.08232
1707	0.03999
1708	0.0389
1709	0.02078
1710	0.1406
1711	0.05379
1712	0.0606
1713	0.02903
1714	0.1146
1715	0.09776
1716	0.06519
1717	0.03375
1718	0.09744
1719	0.0965
1720	0.1016
1721	0.05785
1722	0.06929
1723	0.01185
1724	0.06263
1725	0.101
1726	0.02838
1727	0.09819
1728	0.03811
1729	-0.005262
1730	0.09135
1731	0.06374
1732	0.07472
1733	0.1127
1734	0.01384
1735	0.1055
1736	0.03556
1737	-0.02164
1738	0.03279
1739	0.07466
1740	0.09575
1741	0.1349
1742	0.03975
1743	0.005645
1744	0.01247
1745	0.06546
1746	0.02072
1747	0.05813
1748	0.04248
1749	0.07011
1750	0.1064
1751	0.1423
1752	0.07038
1753	0.07314
1754	0.04273
1755	0.0773
1756	0.03863
1757	0.04387
1758	0.1026
1759	0.06758
1760	0.05632
1761	0.02124
1762	0.02196
1763	0.1168
1764	0.02995
1765	0.01374
1766	0.04343
1767	0.03801
1768	-3.283E-4
1769	0.05509
1770	0.0814
1771	0.1317
1772	0.1916
1773	0.0658
1774	0.1332
1775	0.09852
1776	-0.006682
1777	0.03446
1778	0.03697
1779	0.08403
1780	0.1225
1781	0.1244
1782	0.04114
1783	0.06639
1784	0.06495
1785	0.08303
1786	0.1008
1787	0.05196
1788	0.05126
1789	0.07368
1790	0.05541
1791	0.09516
1792	0.0949
1793	0.0951
1794	0.01587
1795	0.07586
1796	0.01568
1797	0.001209
1798	0.07735
1799	0.06176
1800	0.1156
1801	0.1228
1802	0.01234
1803	0.107
1804	0.02392
1805	0.103
1806	0.0788
1807	0.05008
1808	0.104
1809	0.02783
1810	0.06755
1811	0.07602
1812	0.04775
1813	0.06016
1814	0.08592
1815	0.1412
1816	0.009205
1817	0.008799
1818	0.1073
1819	0.02906
1820	0.1203
1821	0.03569
1822	0.0622
1823	0.05551
1824	0.114
1825	0.05269
1826	0.0761
1827	-0.00122
1828	0.04603
1829	0.07435
1830	0.0799
1831	-0.003117
1832	0.09697
1833	0.05082
1834	0.1114
1835	-0.01154
1836	0.1322
1837	0.07556
1838	0.01069
1839	0.03263
1840	0.04355
1841	0.04928
1842	0.04033
1843	0.05044
1844	0.09156
1845	0.09445
1846	0.0484
1847	0.05581
1848	0.03036
1849	0.01432
1850	0.07358
1851	0.0335
1852	0.08172
1853	0.06625
1854	0.09852
1855	0.03156
1856	0.1419
1857	0.04443
1858	0.1319
1859	0.1287
1860	0.001954
1861	0.09962
1862	0.1119
1863	0.09274
1864	0.1161
1865	0.04752
1866	0.05644
1867	0.0649
1868	0.1258
1869	0.03882
1870	-0.001839
1871	0.05145
1872	0.03393
1873	0.04865
1874	0.0158
1875	0.0566
1876	0.1029
1877	0.05226
1878	0.0506
1879	0.07677
1880	0.03293
1881	0.05799
1882	0.06066
1883	0.06112
1884	0.112
1885	0.1246
1886	0.105
1887	0.133
1888	0.1027
1889	0.06873
1890	0.06306
1891	0.001328
1892	0.07476
1893	0.01135
1894	0.04646
1895	0.08588
1896	0.03704
1897	0.1003
1898	0.07937
1899	0.1117
1900	0.09207
1901	0.07822
1902	0.06094
1903	0.07587
1904	0.05606
1905	0.03122
1906	0.06605
1907	0.0661
1908	0.003426
1909	0.0329
1910	0.1937
1911	0.1303
1912	0.02933
1913	-0.002974
1914	-0.03289
1915	0.06871
1916	0.06531
1917	-0.01216
1918	0.07414
1919	0.1086
1920	0.0692
1921	0.09622
1922	-0.01077
1923	0.0701
1924	0.08828
1925	-0.002768
1926	0.09637
1927	0.1033
1928	0.04784
1929	0.1201
1930	0.09324
1931	0.03882
1932	0.08908
1933	0.07215
1934	0.09092
1935	0.02479
1936	0.08432
1937	0.1223
1938	0.05198
1939	0.0614
1940	0.09823
1941	0.02695
1942	0.08655
1943	0.04882
1944	0.003915
1945	0.1699
1946	0.04257
1947	0.07117
1948	0.02087
1949	-0.09111
1950	-0.01492
1951	0.01389
1952	0.0365
1953	0.001751
1954	0.05514
1955	0.09563
1956	0.08569
1957	0.08574
1958	0.03167
1959	0.003181
1960	0.1505
1961	0.003842
1962	0.03215
1963	0.02828
1964	0.1071
1965	0.155
1966	0.003005
1967	-0.04019
1968	0.08886
1969	0.01675
1970	-0.007172
1971	0.05539
1972	0.06549
1973	0.147
1974	0.03363
1975	0.07874
1976	0.03527
1977	0.03445
1978	0.07199
1979	0.0496
1980	0.02292
1981	0.0859
1982	0.09887
1983	-0.02085
1984	0.03618
1985	0.06599
1986	0.01138
1987	0.0273
1988	-0.001519
1989	0.04719
1990	-0.03039
1991	0.1636
1992	0.06653
1993	0.03252
1994	0.04949
1995	0.01857
1996	0.06474
1997	0.0929
1998	0.08692
1999	0.04987
2000	0.08547
