1001	0.06733
1002	0.1153
1003	0.09783
1004	0.1253
1005	0.05519
1006	0.03371
1007	0.05746
1008	0.1568
1009	0.1408
1010	0.1168
1011	0.08067
1012	0.151
1013	0.09991
1014	0.05834
1015	0.05972
1016	0.02084
1017	0.0519
1018	0.0944
1019	0.08916
1020	0.1304
1021	0.04613
1022	0.0931
1023	0.009495
1024	0.02845
1025	-0.02196
1026	0.02333
1027	-0.05715
1028	0.1675
1029	0.1259
1030	0.1446
1031	-0.01308
1032	0.04804
1033	0.00407
1034	0.1178
1035	0.1143
1036	0.2065
1037	0.09152
1038	0.2048
1039	0.1017
1040	0.05377
1041	0.08811
1042	0.1167
1043	0.1439
1044	0.06719
1045	0.09264
1046	0.04159
1047	0.1028
1048	0.1204
1049	0.07535
1050	0.05838
1051	0.05408
1052	0.09242
1053	0.04898
1054	0.1227
1055	0.1212
1056	0.1243
1057	0.1116
1058	0.07788
1059	0.09219
1060	0.0861
1061	0.2027
1062	0.08397
1063	0.05044
1064	0.1245
1065	0.1015
1066	0.1618
1067	0.1848
1068	0.0714
1069	0.07522
1070	0.114
1071	0.1212
1072	0.05758
1073	0.1318
1074	0.114
1075	0.06957
1076	0.05886
1077	0.173
1078	0.1395
1079	0.1419
1080	0.07353
1081	0.06246
1082	0.1278
1083	0.05885
1084	0.07646
1085	0.05485
1086	0.07748
1087	0.1223
1088	0.02458
1089	0.05553
1090	0.09247
1091	0.04494
1092	0.1674
1093	0.09014
1094	0.04542
1095	0.0503
1096	0.2146
1097	0.08407
1098	0.01741
1099	0.03915
1100	0.1139
1101	0.09681
1102	0.07761
1103	0.1343
1104	0.04116
1105	0.04646
1106	0.01386
1107	0.1615
1108	0.05317
1109	0.14
1110	0.04761
1111	0.05418
1112	0.03712
1113	0.1588
1114	0.07101
1115	0.09166
1116	0.09821
1117	0.1721
1118	0.08248
1119	0.09435
1120	0.1302
1121	0.1068
1122	0.0438
1123	0.06858
1124	0.09141
1125	0.08944
1126	0.08393
1127	0.07975
1128	-0.00306
1129	0.06846
1130	0.05939
1131	-0.04087
1132	0.1282
1133	0.03033
1134	-0.01453
1135	0.04137
1136	0.1282
1137	0.03446
1138	0.01622
1139	0.02091
1140	0.03264
1141	0.09129
1142	0.055
1143	0.1165
1144	0.1198
1145	0.1053
1146	0.09959
1147	0.02293
1148	0.05239
1149	0.1452
1150	0.03879
1151	0.1428
1152	0.07422
1153	0.1668
1154	0.173
1155	-0.04351
1156	0.07463
1157	0.1663
1158	0.1817
1159	0.08044
1160	0.09339
1161	0.1422
1162	0.1009
1163	0.1753
1164	0.1353
1165	0.1527
1166	0.07485
1167	0.03172
1168	-0.02131
1169	0.09216
1170	0.09746
1171	0.127
1172	0.1137
1173	0.1026
1174	0.1454
1175	0.126
1176	0.07154
1177	0.136
1178	0.2129
1179	0.153
1180	0.1492
1181	0.1434
1182	0.1736
1183	0.04955
1184	0.03038
1185	0.05267
1186	0.1169
1187	0.1217
1188	0.05541
1189	0.1289
1190	0.1498
1191	0.05852
1192	0.1253
1193	0.09672
1194	0.09172
1195	0.1499
1196	0.09807
1197	0.1493
1198	0.1367
1199	0.07961
1200	0.1223
1201	0.07235
1202	0.119
1203	0.03816
1204	0.05455
1205	0.1046
1206	0.02275
1207	0.02166
1208	0.04909
1209	0.0986
1210	0.1489
1211	0.02511
1212	0.1173
1213	0.1118
1214	0.1341
1215	0.1145
1216	0.08469
1217	0.1157
1218	0.08976
1219	0.03697
1220	0.07412
1221	0.1456
1222	0.08368
1223	0.07572
1224	0.1286
1225	0.1346
1226	0.04371
1227	0.02522
1228	0.09051
1229	0.04557
1230	0.005439
1231	0.01093
1232	-0.0192
1233	0.08153
1234	0.02955
1235	0.04069
1236	0.06556
1237	0.1247
1238	0.1095
1239	0.05551
1240	0.06593
1241	0.1384
1242	0.07235
1243	0.07139
1244	0.09642
1245	0.07803
1246	0.2244
1247	0.1079
1248	0.05291
1249	0.1173
1250	0.1807
1251	0.1775
1252	0.09942
1253	0.1403
1254	0.08453
1255	0.05551
1256	0.05449
1257	0.002821
1258	-0.04522
1259	0.02974
1260	-0.01285
1261	0.04954
1262	0.03021
1263	0.07627
1264	0.03905
1265	0.07832
1266	0.06343
1267	0.1188
1268	0.1449
1269	0.2107
1270	0.1863
1271	0.1589
1272	0.03915
1273	0.06643
1274	0.2036
1275	0.2408
1276	0.1232
1277	0.08919
1278	0.07422
1279	0.1354
1280	0.1425
1281	0.1834
1282	0.1762
1283	0.05067
1284	0.004029
1285	0.1509
1286	0.1016
1287	0.07825
1288	0.08948
1289	0.1695
1290	0.08423
1291	0.1908
1292	0.1113
1293	0.1564
1294	0.07451
1295	-0.001765
1296	0.1238
1297	0.03851
1298	0.1201
1299	0.1685
1300	0.1892
1301	0.06044
1302	0.1556
1303	0.1653
1304	0.129
1305	0.06667
1306	0.07832
1307	0.1835
1308	0.07052
1309	0.1022
1310	0.1523
1311	0.13
1312	0.06028
1313	0.04982
1314	0.1268
1315	0.1071
1316	0.1189
1317	0.04817
1318	0.09132
1319	0.07479
1320	0.1701
1321	0.1455
1322	0.1579
1323	0.07086
1324	0.06657
1325	0.0834
1326	0.2101
1327	0.0983
1328	0.1795
1329	0.1294
1330	0.142
1331	0.1051
1332	0.1553
1333	0.1442
1334	0.1286
1335	0.0569
1336	0.1412
1337	0.09639
1338	0.1358
1339	0.1275
1340	0.1451
1341	0.1672
1342	0.1509
1343	0.03644
1344	0.08249
1345	0.1082
1346	0.1005
1347	0.1281
1348	0.1693
1349	0.07055
1350	0.04507
1351	0.1518
1352	0.1078
1353	0.04433
1354	0.1326
1355	0.0632
1356	0.09334
1357	0.1634
1358	0.066
1359	0.08803
1360	0.1239
1361	0.04307
1362	0.09584
1363	0.08288
1364	0.09841
1365	0.1271
1366	0.2072
1367	0.123
1368	0.1049
1369	0.05021
1370	0.1473
1371	0.1465
1372	0.1873
1373	0.0873
1374	0.1408
1375	0.06594
1376	0.1567
1377	0.1291
1378	0.1287
1379	0.162
1380	0.11
1381	0.1126
1382	0.03806
1383	0.05972
1384	0.1075
1385	0.08182
1386	0.08211
1387	0.08764
1388	0.161
1389	-8.409E-4
1390	0.006789
1391	0.03058
1392	0.03071
1393	-0.05422
1394	0.05395
1395	0.03797
1396	0.01695
1397	0.08614
1398	0.1082
1399	0.153
1400	0.06053
1401	0.05303
1402	0.04281
1403	0.05604
1404	0.06985
1405	0.04413
1406	-0.02623
1407	0.02386
1408	0.02363
1409	0.01384
1410	0.08366
1411	0.09682
1412	0.09346
1413	0.05945
1414	0.2243
1415	0.02923
1416	0.06876
1417	0.07195
1418	0.1029
1419	0.1168
1420	0.1812
1421	0.01111
1422	0.0686
1423	0.02552
1424	0.003007
1425	0.101
1426	0.1375
1427	0.1328
1428	0.06835
1429	0.03007
1430	0.05652
1431	0.1358
1432	0.1948
1433	0.1013
1434	0.1994
1435	0.1056
1436	0.1768
1437	0.1303
1438	0.02619
1439	0.0385
1440	0.04287
1441	0.1705
1442	0.01655
1443	0.02311
1444	0.06542
1445	0.1079
1446	0.08113
1447	0.0899
1448	0.0755
1449	0.04715
1450	0.1311
1451	0.2162
1452	0.05442
1453	0.1238
1454	0.0648
1455	0.08118
1456	0.1181
1457	0.1382
1458	0.0884
1459	0.1338
1460	0.04915
1461	0.05648
1462	0.06356
1463	0.07451
1464	0.1035
1465	0.09959
1466	0.06961
1467	0.1036
1468	0.04916
1469	0.09986
1470	0.1389
1471	0.07569
1472	0.1027
1473	0.134
1474	0.05899
1475	0.1238
1476	0.06115
1477	0.07473
1478	0.1253
1479	0.1048
1480	0.09002
1481	0.07946
1482	0.01185
1483	0.01608
1484	0.03662
1485	0.007683
1486	0.08042
1487	0.04078
1488	0.1367
1489	0.2004
1490	0.03059
1491	0.1142
1492	0.1391
1493	0.01829
1494	0.07495
1495	0.1177
1496	0.09165
1497	0.13
1498	0.08239
1499	0.07063
1500	0.06211
1501	0.1193
1502	0.04315
1503	3.264E-4
1504	0.121
1505	0.07806
1506	0.1308
1507	0.117
1508	0.04431
1509	0.08252
1510	0.03587
1511	0.06838
1512	0.07502
1513	0.1428
1514	0.05376
1515	0.08227
1516	0.07371
1517	0.092
1518	0.1275
1519	0.1062
1520	0.05682
1521	0.2293
1522	0.1233
1523	0.1287
1524	0.1655
1525	0.1361
1526	0.04493
1527	0.1402
1528	0.225
1529	0.1596
1530	0.1327
1531	0.1327
1532	0.08963
1533	0.09453
1534	0.09405
1535	0.09342
1536	0.1795
1537	0.03882
1538	0.06841
1539	-0.01007
1540	0.1142
1541	0.06693
1542	0.09749
1543	0.1246
1544	0.1251
1545	0.123
1546	0.1717
1547	-0.001524
1548	0.05262
1549	0.07204
1550	0.1276
1551	0.09261
1552	0.121
1553	0.03012
1554	0.04901
1555	0.1423
1556	0.09705
1557	0.1432
1558	0.1785
1559	0.09298
1560	0.05924
1561	0.09374
1562	0.06708
1563	0.08201
1564	0.151
1565	0.1138
1566	0.05307
1567	-0.003614
1568	0.07868
1569	0.04213
1570	0.0924
1571	0.07342
1572	0.0913
1573	9.822E-4
1574	0.1212
1575	0.126
1576	0.1305
1577	0.1145
1578	0.1278
1579	0.05038
1580	0.1117
1581	0.1623
1582	0.1086
1583	0.1205
1584	0.04486
1585	0.1153
1586	0.05474
1587	0.1591
1588	0.1028
1589	0.06889
1590	0.1084
1591	0.1523
1592	0.1047
1593	0.129
1594	0.1334
1595	0.08083
1596	0.112
1597	0.134
1598	0.1681
1599	0.1335
1600	0.1041
1601	0.2179
1602	0.1363
1603	0.2329
1604	0.07083
1605	0.1301
1606	0.06211
1607	0.1196
1608	0.127
1609	0.1181
1610	0.1007
1611	0.1072
1612	0.1174
1613	0.1315
1614	0.108
1615	0.1166
1616	0.102
1617	0.1513
1618	0.0713
1619	0.148
1620	0.1371
1621	0.1602
1622	0.1186
1623	0.09026
1624	0.1377
1625	0.1117
1626	0.04315
1627	0.0927
1628	0.1362
1629	0.09337
1630	0.1071
1631	0.02837
1632	0.1005
1633	0.04909
1634	0.07891
1635	-0.002232
1636	0.02543
1637	0.03214
1638	0.02503
1639	0.06424
1640	0.09769
1641	0.1115
1642	0.09757
1643	0.1405
1644	0.08627
1645	0.2114
1646	0.1357
1647	0.05036
1648	0.1231
1649	-0.01718
1650	-0.02312
1651	0.03663
1652	0.07436
1653	0.05232
1654	0.04792
1655	0.1358
1656	0.06498
1657	0.1071
1658	0.1033
1659	0.1309
1660	0.1544
1661	0.1173
1662	0.1561
1663	0.09485
1664	0.09214
1665	0.0721
1666	0.0364
1667	0.02718
1668	-0.0292
1669	0.05624
1670	0.04833
1671	0.04625
1672	0.09929
1673	0.042
1674	0.09286
1675	0.129
1676	0.09755
1677	0.07782
1678	0.09163
1679	0.01667
1680	0.01252
1681	0.03502
1682	0.1239
1683	0.1664
1684	0.1932
1685	0.0809
1686	0.09762
1687	0.04738
1688	0.06776
1689	0.1155
1690	0.1126
1691	0.08247
1692	0.1313
1693	0.1714
1694	0.1323
1695	0.1685
1696	0.1654
1697	0.03408
1698	0.04478
1699	0.189
1700	0.1577
1701	0.1285
1702	0.05629
1703	0.06307
1704	0.07033
1705	0.1473
1706	0.1587
1707	0.06974
1708	0.06294
1709	0.05922
1710	0.1081
1711	0.05142
1712	0.0664
1713	0.1401
1714	0.1376
1715	0.1691
1716	0.1338
1717	0.2005
1718	0.175
1719	0.1292
1720	0.1211
1721	0.1525
1722	0.1321
1723	0.1402
1724	0.09312
1725	0.1164
1726	0.2027
1727	-0.01372
1728	0.1426
1729	0.127
1730	0.2235
1731	0.08359
1732	0.1135
1733	0.06804
1734	0.2036
1735	0.1497
1736	0.155
1737	0.1292
1738	0.1511
1739	0.03157
1740	0.06263
1741	0.03039
1742	0.0752
1743	0.1255
1744	0.0643
1745	0.0328
1746	0.1114
1747	-0.006077
1748	0.09466
1749	0.06997
1750	0.04099
1751	0.08343
1752	0.02621
1753	0.1555
1754	0.07825
1755	0.05195
1756	0.03157
1757	0.1119
1758	0.184
1759	0.09037
1760	0.1129
1761	0.1007
1762	-0.008341
1763	0.1346
1764	0.1302
1765	0.1545
1766	0.09032
1767	0.06062
1768	0.1094
1769	0.1032
1770	0.1976
1771	0.2312
1772	0.1678
1773	0.1096
1774	0.0751
1775	0.0315
1776	0.05693
1777	0.09282
1778	0.004516
1779	0.1557
1780	0.1325
1781	0.08708
1782	0.1984
1783	0.1737
1784	0.0923
1785	0.1787
1786	0.1294
1787	0.1526
1788	0.123
1789	0.08965
1790	0.09078
1791	0.08246
1792	0.108
1793	-0.07017
1794	0.1448
1795	0.1289
1796	0.07509
1797	0.08273
1798	0.0856
1799	0.07832
1800	0.1123
1801	0.08614
1802	0.06653
1803	0.07018
1804	0.1144
1805	0.1187
1806	0.04125
1807	0.1082
1808	0.07097
1809	0.1102
1810	0.08447
1811	0.1392
1812	0.1419
1813	0.05664
1814	0.08502
1815	0.06156
1816	0.1075
1817	0.06606
1818	0.09541
1819	0.1012
1820	0.1701
1821	0.09573
1822	0.1364
1823	0.1305
1824	0.1408
1825	0.06037
1826	0.08775
1827	0.09267
1828	0.06884
1829	-0.02272
1830	0.08667
1831	0.0633
1832	0.1084
1833	0.07287
1834	0.1688
1835	0.1897
1836	0.1602
1837	0.1071
1838	0.123
1839	0.116
1840	0.1253
1841	0.08819
1842	0.07341
1843	0.08595
1844	0.0414
1845	0.04629
1846	0.1088
1847	0.08268
1848	0.1108
1849	0.09358
1850	0.03092
1851	-0.06597
1852	0.1153
1853	0.07242
1854	0.08957
1855	0.1473
1856	0.1005
1857	0.06117
1858	0.06881
1859	0.1411
1860	0.08375
1861	0.02838
1862	0.1055
1863	0.1075
1864	0.07412
1865	0.1033
1866	0.08397
1867	0.04437
1868	0.174
1869	0.1213
1870	0.105
1871	0.1128
1872	0.0745
1873	0.1364
1874	0.2857
1875	0.1573
1876	0.1312
1877	0.1427
1878	0.099
1879	0.0439
1880	0.1237
1881	0.1084
1882	0.07974
1883	-0.01805
1884	0.1161
1885	0.06827
1886	0.1321
1887	0.1033
1888	0.07436
1889	0.07264
1890	0.1271
1891	0.1231
1892	0.01584
1893	0.07203
1894	0.103
1895	0.1412
1896	0.0975
1897	0.1602
1898	0.1082
1899	-0.01701
1900	0.07227
1901	0.1039
1902	0.07154
1903	0.02767
1904	0.06431
1905	0.03296
1906	0.0906
1907	0.07588
1908	0.004505
1909	0.05622
1910	0.142
1911	0.1472
1912	0.01286
1913	0.06629
1914	0.08901
1915	0.1088
1916	0.02403
1917	0.06659
1918	0.1191
1919	0.1497
1920	0.1697
1921	0.06581
1922	0.08333
1923	0.02582
1924	0.1135
1925	0.06083
1926	0.1337
1927	0.1467
1928	0.15
1929	0.1483
1930	0.1438
1931	0.09724
1932	0.136
1933	0.09367
1934	0.1774
1935	0.2263
1936	0.123
1937	0.1257
1938	0.06794
1939	0.1435
1940	0.1138
1941	0.08453
1942	0.1329
1943	0.08309
1944	0.1289
1945	0.03671
1946	0.1175
1947	0.06069
1948	0.0588
1949	0.06979
1950	0.02004
1951	-0.05863
1952	0.1545
1953	0.05184
1954	0.06913
1955	0.113
1956	0.1253
1957	0.1416
1958	0.04868
1959	0.1221
1960	0.105
1961	0.09699
1962	0.1426
1963	0.1012
1964	0.1053
1965	0.03341
1966	0.06609
1967	0.09214
1968	0.123
1969	0.1645
1970	0.1615
1971	0.02278
1972	0.01478
1973	0.05097
1974	-0.003195
1975	0.08405
1976	0.1514
1977	0.1357
1978	0.212
1979	0.1441
1980	0.1783
1981	0.1127
1982	0.1163
1983	0.01737
1984	0.03926
1985	0.0324
1986	0.04526
1987	0.0635
1988	0.03978
1989	0.1837
1990	0.0644
1991	0.111
1992	0.1174
1993	0.08663
1994	0.112
1995	0.008336
1996	0.04276
1997	0.09871
1998	0.07336
1999	0.0238
2000	0.07396
1001	0.1037
1002	0.1388
1003	0.09388
1004	0.1135
1005	0.08653
1006	0.08948
1007	0.02711
1008	0.1151
1009	0.1939
1010	0.09588
1011	0.0822
1012	0.1926
1013	0.09295
1014	0.1479
1015	0.1667
1016	0.1214
1017	0.1933
1018	0.2124
1019	0.2036
1020	0.1686
1021	0.07526
1022	0.125
1023	0.04859
1024	0.07454
1025	0.1211
1026	0.1593
1027	0.007799
1028	0.1567
1029	0.1705
1030	0.1441
1031	-0.01011
1032	0.122
1033	0.09171
1034	0.0945
1035	0.1226
1036	0.1981
1037	0.06799
1038	0.1772
1039	0.1125
1040	0.1266
1041	0.1906
1042	0.2111
1043	0.2104
1044	0.1296
1045	0.1432
1046	0.09685
1047	0.1589
1048	0.138
1049	0.1363
1050	0.1236
1051	0.1606
1052	0.08121
1053	0.08407
1054	0.1652
1055	0.1508
1056	0.1752
1057	0.1095
1058	0.2548
1059	0.1578
1060	0.188
1061	0.1946
1062	0.1292
1063	0.1133
1064	0.2028
1065	0.216
1066	0.2042
1067	0.28
1068	0.1474
1069	0.1074
1070	0.1917
1071	0.2567
1072	0.1286
1073	0.2287
1074	0.2119
1075	0.08663
1076	0.1127
1077	0.1884
1078	0.1284
1079	0.1412
1080	0.1472
1081	0.09122
1082	0.1383
1083	0.08523
1084	0.1504
1085	0.1381
1086	0.1138
1087	0.1638
1088	0.04577
1089	0.05615
1090	0.08945
1091	0.1
1092	0.201
1093	0.1684
1094	0.1489
1095	0.1967
1096	0.2561
1097	0.2158
1098	0.108
1099	0.1415
1100	0.1618
1101	0.1175
1102	0.1636
1103	0.2158
1104	0.1922
1105	0.1186
1106	0.1328
1107	0.1352
1108	0.08804
1109	0.2479
1110	0.1459
1111	0.1568
1112	0.1421
1113	0.2483
1114	0.1638
1115	0.2056
1116	0.187
1117	0.1773
1118	0.1645
1119	0.1236
1120	0.2349
1121	0.2209
1122	0.1396
1123	0.1554
1124	0.1702
1125	0.1846
1126	0.1484
1127	0.1342
1128	0.08873
1129	0.1371
1130	0.1721
1131	0.04327
1132	0.1443
1133	0.06575
1134	0.1006
1135	0.1015
1136	0.1232
1137	-0.01079
1138	0.01989
1139	0.03129
1140	0.0394
1141	0.1521
1142	0.1798
1143	0.161
1144	0.1854
1145	0.1241
1146	0.06599
1147	0.03709
1148	0.09091
1149	0.186
1150	0.06433
1151	0.1555
1152	0.1576
1153	0.2213
1154	0.155
1155	0.01147
1156	0.2034
1157	0.172
1158	0.2348
1159	0.09659
1160	0.1306
1161	0.1675
1162	0.1762
1163	0.2025
1164	0.2629
1165	0.1779
1166	0.1204
1167	0.07886
1168	0.09875
1169	0.1432
1170	0.1289
1171	0.1829
1172	0.1972
1173	0.1313
1174	0.1831
1175	0.1982
1176	0.1765
1177	0.1998
1178	0.2187
1179	0.2574
1180	0.2359
1181	0.171
1182	0.1926
1183	0.1229
1184	0.08282
1185	0.1776
1186	0.188
1187	0.236
1188	0.1704
1189	0.2364
1190	0.2533
1191	0.1704
1192	0.1824
1193	0.1788
1194	0.175
1195	0.2229
1196	0.1817
1197	0.2234
1198	0.1876
1199	0.1569
1200	0.09216
1201	0.1673
1202	0.1809
1203	0.1688
1204	0.1497
1205	0.1461
1206	0.1423
1207	0.04386
1208	0.0831
1209	0.1
1210	0.1598
1211	0.06086
1212	0.08184
1213	0.1688
1214	0.2005
1215	0.1339
1216	0.1619
1217	0.1687
1218	0.1458
1219	0.09853
1220	0.1544
1221	0.1305
1222	0.0642
1223	0.1386
1224	0.179
1225	0.2392
1226	0.137
1227	0.07951
1228	0.139
1229	0.1793
1230	0.1126
1231	0.05358
1232	0.159
1233	0.07176
1234	0.05996
1235	0.1093
1236	0.09482
1237	0.1276
1238	0.04291
1239	0.08687
1240	0.119
1241	0.2481
1242	0.1258
1243	0.1655
1244	0.151
1245	0.1417
1246	0.2562
1247	0.1637
1248	0.1196
1249	0.2174
1250	0.2707
1251	0.2217
1252	0.1828
1253	0.2863
1254	0.246
1255	0.1643
1256	0.0573
1257	-0.04115
1258	0.04483
1259	0.04296
1260	0.04614
1261	0.06085
1262	0.03594
1263	0.06206
1264	0.06112
1265	0.08707
1266	0.1291
1267	0.2003
1268	0.1898
1269	0.2591
1270	0.2459
1271	0.2114
1272	0.132
1273	0.1414
1274	0.1691
1275	0.2146
1276	0.1931
1277	0.1509
1278	0.2233
1279	0.203
1280	0.2091
1281	0.2181
1282	0.1554
1283	0.07628
1284	-0.04816
1285	0.1396
1286	0.1652
1287	0.1434
1288	0.2406
1289	0.2796
1290	0.1958
1291	0.2802
1292	0.1973
1293	0.2431
1294	0.08833
1295	0.1919
1296	0.269
1297	0.1925
1298	0.2514
1299	0.3497
1300	0.3677
1301	0.2051
1302	0.2447
1303	0.2881
1304	0.2533
1305	0.1843
1306	0.1392
1307	0.2721
1308	0.2012
1309	0.2035
1310	0.1889
1311	0.2406
1312	0.1267
1313	0.1105
1314	0.1488
1315	0.1806
1316	0.2219
1317	0.1563
1318	0.153
1319	0.1266
1320	0.1319
1321	0.1261
1322	0.2875
1323	0.1949
1324	0.1809
1325	0.1306
1326	0.2044
1327	0.111
1328	0.2248
1329	0.1731
1330	0.1977
1331	0.2185
1332	0.2063
1333	0.1738
1334	0.1883
1335	0.09267
1336	0.1942
1337	0.1775
1338	0.2006
1339	0.1752
1340	0.15
1341	0.1228
1342	0.1223
1343	0.09014
1344	0.09602
1345	0.1146
1346	0.1111
1347	0.1665
1348	0.2234
1349	0.1475
1350	0.09855
1351	0.2074
1352	0.1455
1353	0.1418
1354	0.1975
1355	0.143
1356	0.2314
1357	0.2697
1358	0.1451
1359	0.1742
1360	0.2809
1361	0.21
1362	0.1381
1363	0.1768
1364	0.1141
1365	0.1934
1366	0.2752
1367	0.2088
1368	0.2146
1369	0.206
1370	0.2297
1371	0.2826
1372	0.3921
1373	0.1906
1374	0.2963
1375	0.2094
1376	0.2712
1377	0.2001
1378	0.1358
1379	0.1468
1380	0.1182
1381	0.1705
1382	0.1106
1383	0.09063
1384	0.1855
1385	0.1751
1386	0.1572
1387	0.08868
1388	0.124
1389	0.04465
1390	0.04505
1391	0.01672
1392	0.1067
1393	0.02547
1394	0.08423
1395	0.1464
1396	0.1098
1397	0.1724
1398	0.2222
1399	0.1497
1400	0.1178
1401	0.1021
1402	0.1221
1403	0.1624
1404	0.05257
1405	0.08698
1406	0.05029
1407	0.02561
1408	0.1521
1409	0.0982
1410	0.06951
1411	0.1013
1412	0.08159
1413	0.1364
1414	0.2881
1415	0.1725
1416	0.1899
1417	0.1705
1418	0.1468
1419	0.2498
1420	0.2693
1421	0.09767
1422	0.09755
1423	0.05928
1424	0.1319
1425	0.153
1426	0.1069
1427	0.1149
1428	0.08683
1429	0.0383
1430	0.1316
1431	0.1375
1432	0.1859
1433	0.1951
1434	0.2694
1435	0.2721
1436	0.2846
1437	0.2142
1438	0.157
1439	0.1052
1440	0.1617
1441	0.2201
1442	0.02918
1443	0.04312
1444	0.0772
1445	0.07852
1446	0.05101
1447	0.1425
1448	0.1106
1449	0.1204
1450	0.1156
1451	0.2556
1452	0.1293
1453	0.1791
1454	0.1276
1455	0.1315
1456	0.0989
1457	0.1716
1458	0.195
1459	0.1739
1460	0.1043
1461	0.07176
1462	0.03598
1463	0.08899
1464	0.1649
1465	0.1108
1466	0.1351
1467	0.154
1468	0.06752
1469	0.08565
1470	0.1238
1471	0.17
1472	0.1242
1473	0.1858
1474	0.08803
1475	0.134
1476	0.09236
1477	0.1656
1478	0.1593
1479	0.1445
1480	0.1391
1481	0.07883
1482	0.05754
1483	0.0736
1484	0.1008
1485	-0.002342
1486	0.06951
1487	0.07568
1488	0.09548
1489	0.1475
1490	0.04038
1491	0.1942
1492	0.1902
1493	-0.01138
1494	0.06232
1495	0.1665
1496	0.07945
1497	0.09154
1498	0.07788
1499	0.1176
1500	0.1655
1501	0.1864
1502	0.1178
1503	0.09006
1504	0.2306
1505	0.2309
1506	0.2453
1507	0.1883
1508	0.07668
1509	0.1102
1510	0.1125
1511	0.1174
1512	0.1412
1513	0.1545
1514	0.1868
1515	0.1409
1516	0.1879
1517	0.1913
1518	0.1454
1519	0.2205
1520	0.2362
1521	0.3445
1522	0.281
1523	0.1264
1524	0.1801
1525	0.1727
1526	0.1242
1527	0.2688
1528	0.3579
1529	0.258
1530	0.2202
1531	0.2246
1532	0.1683
1533	0.1992
1534	0.1409
1535	0.2068
1536	0.2559
1537	0.149
1538	0.1547
1539	0.03247
1540	0.126
1541	0.08304
1542	0.1398
1543	0.1576
1544	0.1625
1545	0.1318
1546	0.1777
1547	0.1194
1548	0.08168
1549	0.1851
1550	0.1927
1551	0.1449
1552	0.1938
1553	0.05437
1554	0.1127
1555	0.1385
1556	0.0975
1557	0.1227
1558	0.2035
1559	0.0812
1560	0.2005
1561	0.1765
1562	0.1404
1563	0.1373
1564	0.2641
1565	0.1366
1566	0.01469
1567	0.05495
1568	0.1291
1569	0.07715
1570	0.1428
1571	0.08201
1572	0.1393
1573	0.07196
1574	0.262
1575	0.1732
1576	0.2101
1577	0.1717
1578	0.15
1579	0.1659
1580	0.1895
1581	0.2225
1582	0.1705
1583	0.1298
1584	0.109
1585	0.2091
1586	0.1181
1587	0.2228
1588	0.2236
1589	0.1241
1590	0.163
1591	0.1614
1592	0.1384
1593	0.1525
1594	0.1136
1595	0.112
1596	0.1371
1597	0.169
1598	0.1957
1599	0.262
1600	0.2409
1601	0.3131
1602	0.2424
1603	0.195
1604	0.1575
1605	0.1412
1606	0.1234
1607	0.1694
1608	0.2086
1609	0.2071
1610	0.2275
1611	0.1305
1612	0.1534
1613	0.2328
1614	0.1778
1615	0.1698
1616	0.1469
1617	0.252
1618	0.2699
1619	0.2075
1620	0.1584
1621	0.181
1622	0.1439
1623	0.1568
1624	0.18
1625	0.2027
1626	0.2168
1627	0.1606
1628	0.224
1629	0.1586
1630	0.1826
1631	0.1226
1632	0.1463
1633	0.06902
1634	0.1419
1635	0.1379
1636	0.119
1637	0.164
1638	0.1091
1639	0.06389
1640	0.08551
1641	0.1125
1642	0.1097
1643	0.1668
1644	0.1939
1645	0.3436
1646	0.1799
1647	0.1527
1648	0.198
1649	0.06659
1650	0.03667
1651	0.05847
1652	0.09929
1653	0.1284
1654	0.1199
1655	0.1429
1656	0.05369
1657	0.1645
1658	0.171
1659	0.1979
1660	0.1612
1661	0.09703
1662	0.1428
1663	0.1324
1664	0.1406
1665	0.1352
1666	0.1472
1667	0.02857
1668	0.05218
1669	0.1205
1670	0.05666
1671	0.1636
1672	0.1915
1673	0.09195
1674	0.1794
1675	0.1991
1676	0.1435
1677	0.1202
1678	0.09886
1679	0.05435
1680	0.004784
1681	0.05211
1682	0.1367
1683	0.26
1684	0.2834
1685	0.2548
1686	0.2203
1687	0.1535
1688	0.1559
1689	0.2796
1690	0.3074
1691	0.1766
1692	0.2186
1693	0.2258
1694	0.1541
1695	0.2587
1696	0.2343
1697	0.1806
1698	0.0777
1699	0.2248
1700	0.2301
1701	0.1881
1702	0.1399
1703	0.1318
1704	0.1571
1705	0.1833
1706	0.2432
1707	0.2028
1708	0.1661
1709	0.05312
1710	0.1592
1711	0.09836
1712	0.09064
1713	0.1884
1714	0.2274
1715	0.27
1716	0.2262
1717	0.2604
1718	0.3819
1719	0.3053
1720	0.2398
1721	0.1788
1722	0.2747
1723	0.2099
1724	0.2069
1725	0.1653
1726	0.2245
1727	0.09438
1728	0.1616
1729	0.1584
1730	0.2602
1731	0.1464
1732	0.2182
1733	0.2085
1734	0.2425
1735	0.2211
1736	0.1946
1737	0.1682
1738	0.1834
1739	0.1204
1740	0.152
1741	0.04176
1742	0.1569
1743	0.213
1744	0.1333
1745	0.06947
1746	0.146
1747	0.1093
1748	0.2088
1749	0.2381
1750	0.2388
1751	0.1657
1752	0.1952
1753	0.2272
1754	0.09135
1755	0.09772
1756	0.05947
1757	0.08503
1758	0.148
1759	0.05627
1760	0.2057
1761	0.1296
1762	0.07815
1763	0.1656
1764	0.1817
1765	0.2368
1766	0.1515
1767	0.0863
1768	0.06595
1769	0.1536
1770	0.2939
1771	0.2079
1772	0.2459
1773	0.2627
1774	0.1809
1775	0.1086
1776	0.127
1777	0.1718
1778	0.09416
1779	0.2283
1780	0.1987
1781	0.2019
1782	0.3584
1783	0.297
1784	0.249
1785	0.2671
1786	0.1402
1787	0.2343
1788	0.1647
1789	0.1677
1790	0.09881
1791	0.2126
1792	0.07616
1793	-0.02084
1794	0.1701
1795	0.1258
1796	0.1085
1797	0.1338
1798	0.188
1799	0.1266
1800	0.0861
1801	0.04283
1802	0.1094
1803	0.08643
1804	0.2007
1805	0.1798
1806	0.1206
1807	0.1413
1808	0.1815
1809	0.2518
1810	0.1273
1811	0.1603
1812	0.1544
1813	0.05601
1814	0.06635
1815	0.05344
1816	0.08858
1817	0.1488
1818	0.1506
1819	0.1966
1820	0.2743
1821	0.1493
1822	0.2152
1823	0.1751
1824	0.1676
1825	0.08189
1826	0.08145
1827	0.06313
1828	0.1176
1829	0.03825
1830	0.1462
1831	0.09744
1832	0.1909
1833	0.109
1834	0.2076
1835	0.262
1836	0.1965
1837	0.1932
1838	0.2494
1839	0.1819
1840	0.1425
1841	0.09006
1842	0.1322
1843	0.1145
1844	0.1353
1845	0.133
1846	0.1422
1847	0.1651
1848	0.2142
1849	0.1837
1850	0.1168
1851	0.02352
1852	0.1584
1853	0.1089
1854	0.2211
1855	0.2343
1856	0.1457
1857	0.1982
1858	0.1396
1859	0.1749
1860	0.1158
1861	0.1516
1862	0.1754
1863	0.1188
1864	0.04123
1865	0.07896
1866	0.02195
1867	0.01745
1868	0.1891
1869	0.1911
1870	0.1183
1871	0.2008
1872	0.1864
1873	0.2386
1874	0.3669
1875	0.3394
1876	0.266
1877	0.2176
1878	0.2223
1879	0.1354
1880	0.09725
1881	0.1269
1882	0.193
1883	0.1302
1884	0.1427
1885	0.1492
1886	0.1459
1887	0.1432
1888	0.1286
1889	0.1337
1890	0.1742
1891	0.2296
1892	0.1894
1893	0.1664
1894	0.1775
1895	0.1311
1896	0.07438
1897	0.2164
1898	0.1343
1899	0.0861
1900	0.1324
1901	0.1266
1902	0.128
1903	0.2387
1904	0.1793
1905	0.12
1906	0.1877
1907	0.1274
1908	0.001464
1909	0.07571
1910	0.22
1911	0.2153
1912	0.07903
1913	0.008755
1914	-0.015
1915	0.1317
1916	0.0797
1917	0.1433
1918	0.2007
1919	0.2033
1920	0.158
1921	0.139
1922	0.0971
1923	0.04467
1924	0.1506
1925	0.1507
1926	0.2052
1927	0.215
1928	0.182
1929	0.1712
1930	0.2282
1931	0.2168
1932	0.2422
1933	0.2149
1934	0.3697
1935	0.3401
1936	0.2588
1937	0.2317
1938	0.1516
1939	0.2428
1940	0.2551
1941	0.1955
1942	0.1853
1943	0.1099
1944	0.2333
1945	0.05819
1946	0.1206
1947	0.08058
1948	0.07819
1949	0.114
1950	0.08159
1951	0.02874
1952	0.1939
1953	0.05637
1954	0.04628
1955	0.08962
1956	0.09699
1957	0.2027
1958	0.1047
1959	0.1554
1960	0.1459
1961	0.1337
1962	0.1803
1963	0.08359
1964	0.1062
1965	0.06801
1966	0.171
1967	0.1393
1968	0.1856
1969	0.2162
1970	0.2203
1971	0.06376
1972	0.07602
1973	0.08381
1974	0.01078
1975	0.1745
1976	0.2396
1977	0.2062
1978	0.2439
1979	0.2346
1980	0.235
1981	0.2006
1982	0.1199
1983	0.0635
1984	0.02966
1985	0.02239
1986	0.07152
1987	0.08683
1988	0.09687
1989	0.2596
1990	0.1271
1991	0.1624
1992	0.1164
1993	0.1211
1994	0.1237
1995	0.04286
1996	0.08982
1997	0.1252
1998	0.1285
1999	0.02811
2000	0.0931
1001	0.0721
1002	0.1578
1003	0.1623
1004	0.1526
1005	0.07503
1006	0.0652
1007	0.008715
1008	0.0916
1009	0.1831
1010	0.1325
1011	0.0867
1012	0.15
1013	0.0894
1014	0.1093
1015	0.06045
1016	0.1364
1017	0.166
1018	0.1524
1019	0.1959
1020	0.1769
1021	0.1097
1022	0.1428
1023	0.01736
1024	-0.04324
1025	0.00495
1026	0.1165
1027	0.02199
1028	0.1474
1029	0.0645
1030	0.1063
1031	-0.05314
1032	0.05401
1033	0.05425
1034	0.09032
1035	0.0714
1036	0.1866
1037	0.06836
1038	0.164
1039	0.141
1040	0.1403
1041	0.1308
1042	0.1293
1043	0.1486
1044	0.09619
1045	0.1091
1046	0.04647
1047	0.109
1048	0.1186
1049	0.1455
1050	0.0786
1051	0.09714
1052	0.05557
1053	0.08548
1054	0.1084
1055	0.058
1056	0.1053
1057	0.0484
1058	0.07406
1059	0.1216
1060	0.1815
1061	0.1618
1062	0.08032
1063	0.07069
1064	0.1452
1065	0.1218
1066	0.1515
1067	0.143
1068	0.1619
1069	0.1056
1070	0.1863
1071	0.208
1072	0.1179
1073	0.1938
1074	0.1636
1075	-0.003826
1076	0.00878
1077	0.1193
1078	0.07226
1079	0.04985
1080	0.08756
1081	0.04091
1082	0.09855
1083	0.04437
1084	0.1199
1085	0.09664
1086	0.1311
1087	0.1564
1088	0.09803
1089	0.04245
1090	0.1191
1091	0.1201
1092	0.2154
1093	0.1966
1094	0.1804
1095	0.1866
1096	0.2
1097	0.07306
1098	0.0381
1099	0.08021
1100	0.1056
1101	0.1114
1102	0.08017
1103	0.1762
1104	0.1252
1105	0.06115
1106	0.07331
1107	0.09928
1108	0.01386
1109	0.1501
1110	0.08182
1111	0.161
1112	0.1535
1113	0.2178
1114	0.1618
1115	0.1502
1116	0.2247
1117	0.1991
1118	0.1294
1119	0.03857
1120	0.09155
1121	0.2242
1122	0.09282
1123	0.06198
1124	0.06836
1125	0.09945
1126	0.0468
1127	0.03488
1128	0.02788
1129	0.03616
1130	0.1001
1131	-0.004464
1132	0.1317
1133	0.1138
1134	0.02917
1135	0.08054
1136	0.1862
1137	0.06083
1138	0.03647
1139	-0.009709
1140	-0.0198
1141	0.06277
1142	0.03982
1143	0.08091
1144	0.1154
1145	0.1333
1146	0.1399
1147	-0.06515
1148	0.004523
1149	0.1021
1150	0.06273
1151	0.1698
1152	0.1469
1153	0.195
1154	0.17
1155	-0.06189
1156	0.05512
1157	0.1074
1158	0.1695
1159	0.108
1160	0.1223
1161	0.2028
1162	0.194
1163	0.177
1164	0.1211
1165	0.1258
1166	0.07338
1167	0.05162
1168	0.03627
1169	0.09598
1170	0.001046
1171	0.07974
1172	0.1464
1173	0.1429
1174	0.1987
1175	0.1826
1176	0.1891
1177	0.2576
1178	0.1895
1179	0.1776
1180	0.174
1181	0.166
1182	0.1683
1183	0.06044
1184	0.03816
1185	0.1167
1186	0.1697
1187	0.2143
1188	0.166
1189	0.1927
1190	0.2113
1191	0.07481
1192	0.1254
1193	0.1147
1194	0.1257
1195	0.168
1196	0.1227
1197	0.1841
1198	0.2149
1199	0.1678
1200	0.1804
1201	0.1845
1202	0.1692
1203	0.1232
1204	0.06862
1205	0.09974
1206	0.06852
1207	0.05013
1208	0.0566
1209	0.09694
1210	0.1029
1211	0.002871
1212	0.07245
1213	0.1469
1214	0.2031
1215	0.1387
1216	0.1133
1217	0.1002
1218	0.07858
1219	0.06071
1220	0.03356
1221	0.06637
1222	-0.00729
1223	0.004107
1224	0.01483
1225	0.0536
1226	0.08471
1227	0.03729
1228	0.09375
1229	0.1002
1230	0.08368
1231	0.1011
1232	0.1041
1233	0.06337
1234	0.04641
1235	0.1224
1236	0.03482
1237	0.0844
1238	0.05772
1239	0.1146
1240	0.1615
1241	0.2037
1242	0.09714
1243	0.09592
1244	0.1205
1245	0.1121
1246	0.1994
1247	0.1452
1248	0.08289
1249	0.173
1250	0.1948
1251	0.2924
1252	0.1725
1253	0.192
1254	0.1485
1255	0.1236
1256	0.0218
1257	0.003933
1258	0.03717
1259	0.07743
1260	0.03184
1261	0.005403
1262	0.03247
1263	0.06437
1264	0.05633
1265	0.07557
1266	0.08867
1267	0.1337
1268	0.1535
1269	0.2127
1270	0.1907
1271	0.2768
1272	0.1652
1273	0.08154
1274	0.1808
1275	0.1066
1276	0.1542
1277	0.1163
1278	0.1894
1279	0.1823
1280	0.1107
1281	0.1308
1282	0.08112
1283	0.03245
1284	-0.008707
1285	0.131
1286	0.1141
1287	0.1173
1288	0.1826
1289	0.2797
1290	0.1885
1291	0.2586
1292	0.1705
1293	0.2269
1294	0.09654
1295	0.111
1296	0.1842
1297	0.09804
1298	0.2459
1299	0.2955
1300	0.2987
1301	0.136
1302	0.1831
1303	0.2196
1304	0.148
1305	0.112
1306	0.1121
1307	0.1749
1308	0.1077
1309	0.1332
1310	0.1632
1311	0.1174
1312	0.05441
1313	0.02733
1314	0.05787
1315	0.1016
1316	0.1134
1317	0.02263
1318	0.08518
1319	0.06115
1320	0.07474
1321	0.05792
1322	0.1647
1323	0.1764
1324	0.1682
1325	0.1542
1326	0.2221
1327	0.1234
1328	0.205
1329	0.1117
1330	0.1857
1331	0.1448
1332	0.2294
1333	0.1887
1334	0.186
1335	0.07212
1336	0.1731
1337	0.2078
1338	0.1854
1339	0.1633
1340	0.1084
1341	0.08923
1342	0.08298
1343	0.09153
1344	0.08545
1345	0.1036
1346	0.1712
1347	0.2089
1348	0.2221
1349	0.09208
1350	0.118
1351	0.182
1352	0.1889
1353	0.1255
1354	0.1624
1355	0.09353
1356	0.1331
1357	0.193
1358	0.08328
1359	0.1415
1360	0.1812
1361	0.1047
1362	0.1156
1363	0.1312
1364	0.1203
1365	0.1805
1366	0.226
1367	0.213
1368	0.1904
1369	0.269
1370	0.1047
1371	0.1909
1372	0.2664
1373	0.1677
1374	0.271
1375	0.1645
1376	0.1808
1377	0.1262
1378	0.1574
1379	0.1392
1380	0.1635
1381	0.1259
1382	0.04864
1383	0.04098
1384	0.1355
1385	0.08253
1386	0.1173
1387	0.1041
1388	0.1425
1389	-0.003301
1390	0.0236
1391	0.02186
1392	0.05124
1393	-0.03232
1394	0.06979
1395	0.1076
1396	0.00351
1397	0.05644
1398	0.121
1399	0.1109
1400	0.099
1401	0.1202
1402	0.1193
1403	0.1227
1404	0.1005
1405	0.1232
1406	0.08645
1407	0.01652
1408	0.09983
1409	0.07311
1410	0.09916
1411	0.1008
1412	0.08507
1413	0.09915
1414	0.2475
1415	0.229
1416	0.1583
1417	0.216
1418	0.08296
1419	0.1893
1420	0.2537
1421	0.1187
1422	0.05674
1423	0.06093
1424	0.1364
1425	0.1591
1426	0.1531
1427	0.1003
1428	-0.001499
1429	0.05185
1430	0.1242
1431	0.1158
1432	0.08374
1433	0.06523
1434	0.172
1435	0.1312
1436	0.1984
1437	0.1886
1438	0.106
1439	0.1665
1440	0.209
1441	0.2264
1442	0.02203
1443	0.006677
1444	0.0449
1445	0.1377
1446	0.05492
1447	0.1053
1448	0.06658
1449	0.1145
1450	0.06787
1451	0.1423
1452	0.01469
1453	0.06138
1454	-0.0223
1455	0.01488
1456	0.002994
1457	0.1161
1458	0.1631
1459	0.1424
1460	0.143
1461	0.1502
1462	0.07735
1463	0.1001
1464	0.06693
1465	0.04003
1466	0.03793
1467	0.12
1468	0.0693
1469	0.1034
1470	0.1335
1471	0.147
1472	0.09626
1473	0.1526
1474	0.1249
1475	0.175
1476	0.1114
1477	0.1081
1478	0.1518
1479	0.1066
1480	0.09723
1481	0.1013
1482	0.0102
1483	0.003576
1484	0.07694
1485	0.04203
1486	0.1352
1487	0.0438
1488	0.1496
1489	0.1108
1490	-0.012
1491	0.1497
1492	0.198
1493	0.0874
1494	0.1211
1495	0.1115
1496	0.0229
1497	0.03412
1498	-0.004635
1499	0.01443
1500	0.09128
1501	0.0812
1502	0.08242
1503	0.1242
1504	0.278
1505	0.2221
1506	0.2365
1507	0.1854
1508	0.18
1509	0.08946
1510	0.05819
1511	0.06445
1512	0.04576
1513	0.121
1514	0.1344
1515	0.1165
1516	0.1571
1517	0.1502
1518	0.1895
1519	0.2385
1520	0.2626
1521	0.2707
1522	0.2751
1523	0.1433
1524	0.1383
1525	0.2199
1526	0.0915
1527	0.2855
1528	0.3813
1529	0.2673
1530	0.2055
1531	0.1593
1532	0.1161
1533	0.0537
1534	0.08049
1535	0.1305
1536	0.1692
1537	0.04673
1538	0.1192
1539	-0.007684
1540	0.1161
1541	0.033
1542	0.08852
1543	0.1215
1544	0.09967
1545	0.1114
1546	0.1269
1547	0.1004
1548	0.1371
1549	0.09963
1550	0.1753
1551	0.1431
1552	0.155
1553	0.03809
1554	0.1043
1555	0.09676
1556	0.1488
1557	0.1441
1558	0.1932
1559	0.139
1560	0.1659
1561	0.09147
1562	0.07715
1563	0.08616
1564	0.1742
1565	0.114
1566	0.02833
1567	0.03842
1568	0.09421
1569	0.07184
1570	0.1328
1571	0.05937
1572	0.1426
1573	0.1319
1574	0.2645
1575	0.1821
1576	0.1859
1577	0.1335
1578	0.1641
1579	0.09148
1580	0.138
1581	0.2404
1582	0.1119
1583	0.1658
1584	0.1015
1585	0.1308
1586	0.08075
1587	0.1669
1588	0.1357
1589	0.06097
1590	0.1
1591	0.1577
1592	0.1229
1593	0.1432
1594	0.1284
1595	0.1074
1596	0.1368
1597	0.1486
1598	0.1845
1599	0.2173
1600	0.2014
1601	0.3042
1602	0.2242
1603	0.1338
1604	0.07009
1605	0.04764
1606	0.1122
1607	0.1947
1608	0.1874
1609	0.17
1610	0.1296
1611	0.1711
1612	0.2101
1613	0.1644
1614	0.1589
1615	0.1859
1616	0.1181
1617	0.1424
1618	0.1399
1619	0.1987
1620	0.1339
1621	0.1701
1622	0.1014
1623	0.1273
1624	0.2491
1625	0.2358
1626	0.1726
1627	0.1269
1628	0.1789
1629	0.1216
1630	0.08545
1631	0.07888
1632	0.1668
1633	0.0866
1634	0.08639
1635	0.001351
1636	0.07178
1637	0.07077
1638	0.03841
1639	0.04282
1640	0.08339
1641	0.07673
1642	0.1067
1643	0.1949
1644	0.1907
1645	0.267
1646	0.1922
1647	0.1077
1648	0.1201
1649	0.0455
1650	-0.006585
1651	0.01648
1652	0.09259
1653	0.09467
1654	0.08721
1655	0.1108
1656	0.04233
1657	0.1193
1658	0.1483
1659	0.1525
1660	0.118
1661	0.1186
1662	0.1635
1663	0.1527
1664	0.1418
1665	0.1261
1666	0.09695
1667	0.01826
1668	0.03267
1669	0.09915
1670	0.06191
1671	0.1323
1672	0.2297
1673	0.09418
1674	0.1746
1675	0.1314
1676	0.1031
1677	0.1124
1678	0.1073
1679	0.02855
1680	0.03197
1681	0.04449
1682	0.1003
1683	0.1809
1684	0.2064
1685	0.1933
1686	0.1649
1687	0.1512
1688	0.1275
1689	0.1699
1690	0.2118
1691	0.1689
1692	0.2128
1693	0.1911
1694	0.1308
1695	0.2213
1696	0.2167
1697	0.1346
1698	0.1233
1699	0.2329
1700	0.1936
1701	0.1237
1702	0.09139
1703	0.07919
1704	0.05514
1705	0.1342
1706	0.1436
1707	0.08764
1708	0.05217
1709	0.02648
1710	0.1256
1711	0.1145
1712	0.06306
1713	0.174
1714	0.1565
1715	0.1864
1716	0.1327
1717	0.2022
1718	0.3337
1719	0.2931
1720	0.2707
1721	0.1677
1722	0.2232
1723	0.2085
1724	0.2287
1725	0.1542
1726	0.2147
1727	0.02089
1728	0.1508
1729	0.1391
1730	0.1831
1731	0.09859
1732	0.1402
1733	0.1944
1734	0.1897
1735	0.1719
1736	0.1514
1737	0.1375
1738	0.1304
1739	0.05224
1740	0.01815
1741	0.08039
1742	0.1901
1743	0.2535
1744	0.08722
1745	0.1677
1746	0.1542
1747	0.1136
1748	0.1969
1749	0.1721
1750	0.1063
1751	0.1772
1752	0.1175
1753	0.1707
1754	0.08296
1755	0.007135
1756	0.02796
1757	0.07138
1758	0.08095
1759	0.06645
1760	0.09815
1761	0.0818
1762	0.05012
1763	0.1111
1764	0.1029
1765	0.1518
1766	0.1107
1767	0.04045
1768	0.06831
1769	0.1453
1770	0.2498
1771	0.2495
1772	0.2109
1773	0.1825
1774	0.121
1775	0.04061
1776	0.02605
1777	0.1308
1778	0.09162
1779	0.197
1780	0.09707
1781	0.1116
1782	0.2876
1783	0.2958
1784	0.1722
1785	0.2036
1786	0.1602
1787	0.254
1788	0.1689
1789	0.09102
1790	0.09526
1791	0.1024
1792	0.07458
1793	-0.02898
1794	0.09961
1795	0.04841
1796	0.05497
1797	0.09318
1798	0.1451
1799	0.1406
1800	0.1013
1801	0.04805
1802	0.05949
1803	0.06917
1804	0.1284
1805	0.1139
1806	0.04841
1807	0.1247
1808	0.1541
1809	0.194
1810	0.1084
1811	0.1493
1812	0.1091
1813	0.03957
1814	0.02102
1815	-0.007715
1816	0.04667
1817	0.07397
1818	0.0978
1819	0.07949
1820	0.1481
1821	0.1169
1822	0.1201
1823	0.127
1824	0.1374
1825	0.07459
1826	0.0541
1827	0.03829
1828	0.06551
1829	4.84E-4
1830	0.1023
1831	0.1461
1832	0.161
1833	0.1082
1834	0.1994
1835	0.2192
1836	0.2145
1837	0.2093
1838	0.229
1839	0.1807
1840	0.1284
1841	0.05611
1842	0.05413
1843	0.0999
1844	0.05947
1845	0.01266
1846	0.142
1847	0.1197
1848	0.1752
1849	0.1954
1850	0.1174
1851	0.03965
1852	0.1357
1853	0.08897
1854	0.1361
1855	0.1944
1856	0.09264
1857	0.09476
1858	0.1097
1859	0.1532
1860	0.1176
1861	0.1623
1862	0.1808
1863	0.06391
1864	0.06062
1865	0.07962
1866	0.09517
1867	0.00195
1868	0.1295
1869	0.145
1870	0.1273
1871	0.1035
1872	0.07023
1873	0.1374
1874	0.2546
1875	0.2573
1876	0.1964
1877	0.1768
1878	0.1942
1879	0.09683
1880	0.123
1881	0.1568
1882	0.2366
1883	0.1565
1884	0.1503
1885	0.08868
1886	0.1298
1887	0.1668
1888	0.1351
1889	0.0885
1890	0.08394
1891	0.09989
1892	0.0694
1893	0.1258
1894	0.1166
1895	0.1378
1896	0.08861
1897	0.1728
1898	0.09454
1899	0.03781
1900	0.1225
1901	0.108
1902	0.0776
1903	0.1576
1904	0.154
1905	0.08695
1906	0.1659
1907	0.1128
1908	0.02114
1909	0.1486
1910	0.1973
1911	0.1236
1912	0.04095
1913	0.03706
1914	-0.001308
1915	0.07304
1916	0.07622
1917	0.1673
1918	0.2397
1919	0.1593
1920	0.1261
1921	0.09413
1922	0.07039
1923	0.07223
1924	0.09465
1925	0.06506
1926	0.1771
1927	0.139
1928	0.1371
1929	0.1716
1930	0.2042
1931	0.1182
1932	0.199
1933	0.1876
1934	0.2801
1935	0.3316
1936	0.2941
1937	0.2071
1938	0.1511
1939	0.2115
1940	0.1817
1941	0.1266
1942	0.1724
1943	0.1151
1944	0.1399
1945	-0.01
1946	0.06231
1947	0.07343
1948	0.105
1949	0.09881
1950	0.1132
1951	0.07791
1952	0.1782
1953	0.03268
1954	0.03181
1955	0.08113
1956	0.08577
1957	0.165
1958	0.1012
1959	0.1312
1960	0.1196
1961	0.1541
1962	0.1991
1963	0.1103
1964	0.08209
1965	0.03558
1966	0.07653
1967	0.07845
1968	0.1609
1969	0.1912
1970	0.1242
1971	0.03069
1972	0.08931
1973	0.09358
1974	-0.04207
1975	0.08968
1976	0.1849
1977	0.1945
1978	0.2653
1979	0.2372
1980	0.2845
1981	0.2876
1982	0.113
1983	0.06266
1984	-0.022
1985	-0.03211
1986	0.03907
1987	0.02485
1988	0.0887
1989	0.1483
1990	0.06677
1991	0.08066
1992	0.06787
1993	0.04227
1994	0.107
1995	0.04438
1996	0.09864
1997	0.07087
1998	0.08758
1999	0.04079
2000	0.06209
1001	0.01884
1002	0.04737
1003	0.0557
1004	0.03211
1005	0.04588
1006	-0.0388
1007	-0.02273
1008	0.1102
1009	0.1678
1010	0.1183
1011	0.0431
1012	0.064
1013	-0.004039
1014	-0.03842
1015	-0.06643
1016	-0.03617
1017	0.03045
1018	0.07255
1019	0.1037
1020	0.09046
1021	0.06874
1022	0.06533
1023	0.02844
1024	-0.1354
1025	-0.1149
1026	-0.117
1027	-0.08291
1028	0.05322
1029	0.03944
1030	0.06215
1031	-0.05502
1032	-0.03566
1033	-0.008895
1034	-0.01036
1035	0.03222
1036	0.1042
1037	-0.03605
1038	0.0934
1039	0.06676
1040	-0.01293
1041	0.01331
1042	0.07745
1043	0.02074
1044	0.02277
1045	-0.01692
1046	0.01418
1047	0.06217
1048	0.07507
1049	0.08773
1050	0.01438
1051	0.01435
1052	-0.001354
1053	3.288E-4
1054	0.07445
1055	0.05306
1056	0.07174
1057	0.06299
1058	0.01152
1059	0.05406
1060	0.06921
1061	0.1178
1062	0.01108
1063	0.03104
1064	0.03855
1065	0.02482
1066	0.05327
1067	0.1392
1068	0.01523
1069	0.03663
1070	0.1127
1071	0.1679
1072	-0.003786
1073	0.03679
1074	0.05015
1075	-0.07863
1076	0.02513
1077	0.1105
1078	0.07796
1079	0.06193
1080	0.08765
1081	-0.001491
1082	0.04658
1083	-0.008177
1084	0.04416
1085	0.01686
1086	0.004531
1087	0.1017
1088	-0.007323
1089	-0.03643
1090	-0.03684
1091	0.03853
1092	0.133
1093	0.1211
1094	0.04192
1095	0.04412
1096	0.105
1097	5.802E-4
1098	-0.0869
1099	0.01418
1100	0.07381
1101	-0.01197
1102	0.03075
1103	0.07187
1104	0.0444
1105	-0.001554
1106	-0.02147
1107	0.001721
1108	-0.04367
1109	0.0749
1110	-0.04976
1111	0.0203
1112	-0.02586
1113	0.112
1114	0.02765
1115	0.02732
1116	0.009717
1117	0.05844
1118	0.05459
1119	-0.01411
1120	-0.01595
1121	0.03112
1122	-0.01721
1123	0.02067
1124	0.006624
1125	0.03757
1126	0.01952
1127	0.02662
1128	-0.04445
1129	0.001205
1130	0.06874
1131	0.03993
1132	0.05569
1133	-0.07806
1134	-0.1206
1135	-0.02475
1136	0.107
1137	-0.003103
1138	-0.03114
1139	-0.06643
1140	-0.07165
1141	0.03312
1142	0.02792
1143	-0.04333
1144	0.004368
1145	0.07846
1146	1.269E-4
1147	-0.1191
1148	-0.02667
1149	0.05436
1150	-0.002174
1151	0.0976
1152	-0.03785
1153	0.02864
1154	0.03133
1155	-0.1013
1156	0.02849
1157	0.09888
1158	0.1469
1159	3.496E-4
1160	0.0703
1161	0.07896
1162	0.1034
1163	0.1354
1164	0.1116
1165	0.1062
1166	0.07455
1167	-0.009523
1168	0.02091
1169	0.05081
1170	-0.02208
1171	0.03936
1172	0.01554
1173	0.02911
1174	0.103
1175	0.1169
1176	0.1388
1177	0.1772
1178	0.02652
1179	-0.03343
1180	0.04292
1181	0.02959
1182	0.06154
1183	-0.05188
1184	-0.224
1185	-0.01896
1186	0.02037
1187	0.008604
1188	0.01027
1189	0.04105
1190	0.0914
1191	-0.006509
1192	0.03511
1193	0.08152
1194	-0.01924
1195	0.05878
1196	0.06829
1197	0.0276
1198	0.1293
1199	0.005583
1200	0.00702
1201	0.04102
1202	0.04141
1203	-0.04823
1204	-0.004212
1205	0.01642
1206	0.04938
1207	-0.04617
1208	-0.01017
1209	0.07612
1210	0.0681
1211	0.0544
1212	0.02423
1213	0.01718
1214	0.06525
1215	0.03634
1216	0.06025
1217	0.05861
1218	0.05745
1219	0.03683
1220	0.01689
1221	0.01322
1222	0.01577
1223	0.03408
1224	0.04446
1225	0.1654
1226	-0.01805
1227	0.02836
1228	-0.002467
1229	-0.009746
1230	0.008678
1231	-0.0635
1232	-0.0365
1233	-0.07283
1234	-0.0571
1235	0.03317
1236	-0.02112
1237	0.0959
1238	0.06155
1239	0.02845
1240	0.06944
1241	0.07759
1242	0.00795
1243	0.05901
1244	0.06169
1245	-0.01772
1246	0.1668
1247	0.1081
1248	0.008766
1249	0.0883
1250	0.1095
1251	0.08466
1252	0.09079
1253	0.05871
1254	0.04859
1255	-0.04746
1256	0.03582
1257	-0.02105
1258	-0.003091
1259	-0.008344
1260	-0.03744
1261	-0.06793
1262	-0.02071
1263	0.02742
1264	0.03553
1265	0.07499
1266	0.01375
1267	0.05388
1268	0.07774
1269	0.1379
1270	0.1298
1271	0.1559
1272	-0.02766
1273	0.01796
1274	0.1107
1275	0.1958
1276	0.1454
1277	0.06629
1278	0.07814
1279	0.06677
1280	0.0502
1281	0.09882
1282	0.1389
1283	-0.02901
1284	-0.01187
1285	0.09063
1286	0.0885
1287	0.06695
1288	0.08497
1289	0.08438
1290	0.001062
1291	0.08889
1292	-4.156E-4
1293	-0.006941
1294	-0.05898
1295	-0.02506
1296	0.04651
1297	0.002289
1298	0.1006
1299	0.06718
1300	0.1172
1301	0.02792
1302	0.0318
1303	0.05271
1304	0.03572
1305	-0.06046
1306	-0.02624
1307	0.09253
1308	0.0866
1309	0.04021
1310	0.09392
1311	0.0491
1312	0.009266
1313	-2.577E-4
1314	0.06171
1315	0.1335
1316	0.09345
1317	0.03024
1318	-0.02987
1319	-0.02685
1320	0.02684
1321	0.05991
1322	0.0655
1323	-0.04485
1324	0.02847
1325	0.006673
1326	0.09099
1327	0.01412
1328	0.04644
1329	0.06324
1330	0.1053
1331	0.04911
1332	0.1147
1333	0.06
1334	0.1079
1335	-0.008981
1336	0.09406
1337	0.06864
1338	0.09553
1339	0.0607
1340	0.1379
1341	0.07699
1342	0.03626
1343	0.09822
1344	-0.01009
1345	0.1168
1346	0.0227
1347	0.1326
1348	0.06928
1349	-0.01585
1350	-0.009372
1351	0.1003
1352	0.09483
1353	-0.02934
1354	0.05946
1355	0.0327
1356	0.0748
1357	0.1132
1358	0.07439
1359	0.05601
1360	0.03251
1361	0.02017
1362	0.04733
1363	0.04094
1364	-0.02193
1365	0.04199
1366	0.0627
1367	0.02742
1368	0.1027
1369	0.04599
1370	0.03106
1371	0.08676
1372	0.1696
1373	-0.02176
1374	0.1358
1375	0.05576
1376	0.0487
1377	0.0971
1378	0.07866
1379	0.04934
1380	0.03026
1381	0.07819
1382	-0.06389
1383	-0.05826
1384	0.03181
1385	0.0414
1386	0.07352
1387	0.04726
1388	0.01189
1389	-0.06495
1390	-0.1024
1391	-0.02796
1392	-0.05338
1393	-0.1076
1394	-0.007851
1395	0.04931
1396	-0.03529
1397	0.06308
1398	0.007956
1399	0.02713
1400	-0.003871
1401	0.006704
1402	0.02368
1403	-0.01814
1404	0.002549
1405	-0.047
1406	-0.05896
1407	-0.09686
1408	-0.04269
1409	-0.003948
1410	0.007071
1411	-0.00229
1412	-0.01938
1413	-0.02438
1414	0.1009
1415	0.01891
1416	0.06767
1417	0.1979
1418	-0.03497
1419	0.05474
1420	0.1001
1421	-0.07896
1422	-0.05049
1423	-0.08009
1424	-0.005267
1425	0.102
1426	0.07777
1427	0.01695
1428	0.001929
1429	0.008635
1430	0.05913
1431	0.05925
1432	0.07376
1433	0.06123
1434	0.1468
1435	0.02954
1436	0.063
1437	0.009028
1438	-0.04181
1439	0.004604
1440	0.05575
1441	0.1615
1442	0.00212
1443	-0.02858
1444	-0.01943
1445	0.03812
1446	0.07174
1447	0.06095
1448	-0.01443
1449	-0.02501
1450	-0.005992
1451	0.0773
1452	-0.01586
1453	0.04856
1454	-0.02286
1455	-0.008938
1456	0.01419
1457	0.06451
1458	0.01544
1459	0.01214
1460	-0.02846
1461	0.02675
1462	-0.01521
1463	0.01447
1464	0.07712
1465	0.01817
1466	-0.03887
1467	0.02867
1468	-0.005608
1469	0.07386
1470	0.137
1471	0.1546
1472	0.08111
1473	0.08425
1474	0.01881
1475	0.07124
1476	0.07667
1477	0.08624
1478	0.08536
1479	0.06614
1480	0.06274
1481	0.05895
1482	-0.03696
1483	-0.01274
1484	0.004995
1485	-0.03892
1486	0.003931
1487	-0.009808
1488	0.06495
1489	0.1555
1490	-0.05303
1491	0.003337
1492	0.07661
1493	-0.1071
1494	-0.02084
1495	0.06885
1496	0.06854
1497	0.03511
1498	0.008747
1499	0.03025
1500	0.1157
1501	0.1094
1502	-0.003805
1503	0.02605
1504	0.1267
1505	0.0226
1506	0.1158
1507	0.103
1508	0.02592
1509	-0.01075
1510	-0.002175
1511	0.05398
1512	0.08444
1513	0.04439
1514	0.1099
1515	0.05562
1516	0.03222
1517	0.03485
1518	-0.03169
1519	0.1062
1520	0.1088
1521	0.1634
1522	0.1163
1523	0.03378
1524	0.04022
1525	0.1304
1526	0.001145
1527	0.1207
1528	0.1821
1529	0.1159
1530	0.1161
1531	0.06555
1532	0.01412
1533	0.0388
1534	-0.004396
1535	0.08475
1536	0.1412
1537	-0.03687
1538	0.06278
1539	-0.02482
1540	0.08521
1541	0.01439
1542	0.02122
1543	0.1322
1544	0.1002
1545	0.1062
1546	0.09431
1547	-0.0399
1548	-0.02425
1549	0.07037
1550	0.08237
1551	0.02363
1552	0.09415
1553	-0.02507
1554	-0.01804
1555	0.0236
1556	0.0571
1557	0.09063
1558	0.09893
1559	-0.03663
1560	0.03951
1561	-0.007105
1562	0.03633
1563	-0.02316
1564	0.1416
1565	0.05979
1566	-0.05147
1567	-0.0303
1568	0.07554
1569	-0.04376
1570	0.01222
1571	-0.002446
1572	0.1141
1573	0.04923
1574	0.2238
1575	0.02197
1576	0.08014
1577	0.001216
1578	0.08978
1579	-0.002036
1580	0.03718
1581	0.09044
1582	0.06929
1583	0.07889
1584	0.01564
1585	0.1337
1586	-0.02745
1587	0.1157
1588	0.07866
1589	0.02543
1590	0.04707
1591	0.09069
1592	-0.003926
1593	0.05019
1594	0.05317
1595	0.03508
1596	0.07823
1597	0.0938
1598	0.1103
1599	0.1481
1600	0.1002
1601	0.2212
1602	0.08199
1603	0.09553
1604	0.03729
1605	0.003373
1606	-0.02001
1607	0.1324
1608	0.1534
1609	0.1243
1610	0.02375
1611	0.1168
1612	0.1056
1613	0.1093
1614	-0.03957
1615	0.06131
1616	0.05765
1617	0.05018
1618	0.06426
1619	0.1033
1620	0.06137
1621	0.09985
1622	0.1445
1623	0.1175
1624	0.1515
1625	0.05178
1626	0.0363
1627	0.009707
1628	0.1236
1629	0.08195
1630	0.06917
1631	-0.004427
1632	0.03175
1633	-0.03573
1634	0.08173
1635	-0.05895
1636	0.01261
1637	0.03293
1638	0.01232
1639	-0.01268
1640	0.03833
1641	0.02933
1642	0.005353
1643	0.06019
1644	0.1275
1645	0.234
1646	0.06399
1647	0.02038
1648	0.09496
1649	-0.02319
1650	0.003223
1651	-0.0929
1652	0.01525
1653	0.03323
1654	-0.001942
1655	0.02824
1656	-0.08092
1657	0.01507
1658	0.01211
1659	0.03503
1660	0.05154
1661	0.02912
1662	0.08144
1663	0.05136
1664	0.09272
1665	0.007373
1666	0.03013
1667	-0.03228
1668	-0.04925
1669	-0.01863
1670	-0.06464
1671	-0.03473
1672	0.07537
1673	0.006709
1674	0.0655
1675	0.1294
1676	0.0839
1677	0.07
1678	0.08876
1679	0.005664
1680	-0.03046
1681	-0.0724
1682	0.001854
1683	0.01258
1684	0.0478
1685	0.09697
1686	0.05642
1687	0.02472
1688	-0.06556
1689	0.05676
1690	0.02905
1691	0.07876
1692	0.118
1693	0.09678
1694	0.03176
1695	0.09378
1696	0.08841
1697	-0.02869
1698	-0.01837
1699	0.0654
1700	0.08513
1701	0.1408
1702	0.01064
1703	-0.0716
1704	-0.06375
1705	-0.02929
1706	0.1026
1707	0.05297
1708	0.1066
1709	0.02523
1710	0.09069
1711	0.03091
1712	0.1198
1713	0.148
1714	0.04801
1715	0.08877
1716	0.08086
1717	0.133
1718	0.1795
1719	0.05332
1720	0.08443
1721	0.07193
1722	0.06123
1723	0.07262
1724	0.08554
1725	0.02995
1726	0.1404
1727	0.01676
1728	0.0959
1729	0.01969
1730	0.1193
1731	7.206E-4
1732	0.01498
1733	-0.017
1734	0.1055
1735	0.07477
1736	0.1303
1737	0.06625
1738	0.07352
1739	0.01523
1740	-0.03328
1741	0.01305
1742	0.08857
1743	0.1439
1744	-0.009059
1745	0.039
1746	0.07594
1747	0.04152
1748	0.04613
1749	0.04079
1750	0.04025
1751	0.03181
1752	-0.05325
1753	0.06644
1754	0.008588
1755	-0.06507
1756	0.005134
1757	0.06124
1758	0.129
1759	0.04058
1760	0.02471
1761	0.07686
1762	0.01877
1763	0.08336
1764	0.1074
1765	0.06198
1766	0.05035
1767	-0.01266
1768	0.02692
1769	0.1083
1770	0.1905
1771	0.2154
1772	0.1511
1773	0.03665
1774	0.07317
1775	0.02009
1776	-0.02133
1777	0.07609
1778	0.007951
1779	0.1372
1780	0.02763
1781	0.008075
1782	0.1293
1783	0.155
1784	0.04812
1785	0.1235
1786	0.02118
1787	0.119
1788	0.03875
1789	-0.05993
1790	-0.04709
1791	0.05381
1792	0.07223
1793	-0.09993
1794	0.05399
1795	-0.00827
1796	0.02616
1797	0.06869
1798	0.06607
1799	0.0569
1800	-0.00773
1801	-0.0378
1802	0.02037
1803	0.04447
1804	0.07365
1805	0.06882
1806	-0.06331
1807	0.04871
1808	0.05919
1809	0.05828
1810	0.02133
1811	0.05193
1812	0.0263
1813	-0.03568
1814	-0.04069
1815	-0.05078
1816	0.02515
1817	0.01239
1818	-0.003154
1819	0.06974
1820	0.05063
1821	0.01166
1822	0.08031
1823	0.05661
1824	0.1398
1825	-0.003495
1826	0.02309
1827	-0.04776
1828	-0.007438
1829	-0.05336
1830	0.0802
1831	0.07799
1832	0.09953
1833	0.05054
1834	0.08314
1835	0.1617
1836	0.08732
1837	0.03707
1838	0.06502
1839	0.118
1840	0.03545
1841	-0.01953
1842	0.01104
1843	0.02234
1844	-0.02767
1845	0.02575
1846	0.08741
1847	0.1293
1848	0.111
1849	0.04025
1850	0.0128
1851	0.001148
1852	0.1013
1853	0.08997
1854	0.06229
1855	0.08965
1856	0.02623
1857	0.01127
1858	0.0561
1859	0.07887
1860	0.02892
1861	0.02139
1862	0.07121
1863	0.02954
1864	0.004983
1865	0.06726
1866	0.07384
1867	0.03696
1868	0.06975
1869	0.06899
1870	0.125
1871	0.1275
1872	0.03707
1873	0.1239
1874	0.223
1875	0.1298
1876	0.1082
1877	0.08387
1878	0.06339
1879	0.09079
1880	-0.04949
1881	0.06654
1882	0.1035
1883	0.04378
1884	0.01852
1885	0.00754
1886	-0.05251
1887	-0.02825
1888	0.01977
1889	-0.04906
1890	-0.005612
1891	-0.01031
1892	-0.02297
1893	-0.04034
1894	0.02118
1895	0.01031
1896	-0.07855
1897	0.06978
1898	0.06422
1899	-0.009373
1900	0.01004
1901	0.03476
1902	-0.01314
1903	0.08576
1904	-0.02036
1905	-0.07749
1906	0.1087
1907	0.0875
1908	0.01986
1909	0.02898
1910	0.1114
1911	-0.0156
1912	-0.008273
1913	0.02392
1914	0.04357
1915	0.01888
1916	-0.004568
1917	0.04154
1918	0.06626
1919	0.1399
1920	0.09702
1921	0.05297
1922	0.03724
1923	0.008232
1924	0.08169
1925	0.01251
1926	-0.001505
1927	0.04592
1928	0.09857
1929	0.07104
1930	0.1231
1931	0.06696
1932	0.1347
1933	0.09952
1934	0.2155
1935	0.2151
1936	0.1129
1937	0.1017
1938	-0.02959
1939	0.1337
1940	0.0442
1941	0.06286
1942	0.07826
1943	-0.01462
1944	0.1352
1945	-0.05102
1946	0.03523
1947	0.03008
1948	0.03671
1949	0.0415
1950	0.03759
1951	0.01085
1952	0.03122
1953	-0.08416
1954	-0.01387
1955	0.003432
1956	-0.02962
1957	0.11
1958	-0.03318
1959	0.06762
1960	-0.02261
1961	0.0422
1962	0.04019
1963	0.01396
1964	0.03774
1965	-0.06699
1966	-3.969E-4
1967	-0.01219
1968	0.02668
1969	0.12
1970	0.08527
1971	-0.009307
1972	-0.02274
1973	0.06293
1974	-0.05893
1975	0.04062
1976	0.1207
1977	0.1099
1978	0.1235
1979	0.1083
1980	0.08522
1981	0.1313
1982	0.03071
1983	0.03127
1984	-0.04187
1985	-0.05985
1986	3.08E-4
1987	0.02476
1988	0.02473
1989	0.1569
1990	0.07784
1991	0.07422
1992	0.1112
1993	-0.01055
1994	0.08291
1995	0.01793
1996	0.005761
1997	0.01422
1998	0.06518
1999	-0.09794
2000	-0.02014
