1001	0.02379
1002	0.01822
1003	0.03395
1004	0.03403
1005	0.02284
1006	0.02395
1007	0.02152
1008	0.03011
1009	0.03114
1010	0.03216
1011	0.02909
1012	0.02537
1013	0.02095
1014	0.02742
1015	0.03545
1016	0.05681
1017	0.05092
1018	0.04877
1019	0.0518
1020	0.04858
1021	0.04466
1022	0.04948
1023	0.03263
1024	0.04379
1025	0.06385
1026	0.04835
1027	0.03681
1028	0.03741
1029	0.03289
1030	0.04163
1031	0.0229
1032	0.02509
1033	0.03448
1034	0.03345
1035	0.02523
1036	0.03137
1037	0.0308
1038	0.02907
1039	0.0302
1040	0.03647
1041	0.03754
1042	0.04151
1043	0.0378
1044	0.02915
1045	0.02278
1046	0.02281
1047	0.02472
1048	0.02494
1049	0.04216
1050	0.0366
1051	0.02998
1052	0.02645
1053	0.02318
1054	0.02821
1055	0.01977
1056	0.02732
1057	0.03104
1058	0.04904
1059	0.03931
1060	0.03988
1061	0.04134
1062	0.03844
1063	0.08456
1064	0.03821
1065	0.02381
1066	0.05077
1067	0.04484
1068	0.02813
1069	0.02542
1070	0.03725
1071	0.03043
1072	0.03513
1073	0.02616
1074	0.03027
1075	0.0337
1076	0.03375
1077	0.02914
1078	0.02812
1079	0.02916
1080	0.02021
1081	0.02928
1082	0.03108
1083	0.02311
1084	0.03301
1085	0.01848
1086	0.02443
1087	0.04622
1088	0.03676
1089	0.03635
1090	0.05611
1091	0.02923
1092	0.03011
1093	0.0288
1094	0.03372
1095	0.05344
1096	0.03188
1097	0.04672
1098	0.05664
1099	0.05316
1100	0.04017
1101	0.02515
1102	0.01709
1103	0.03025
1104	0.03292
1105	0.02357
1106	0.03481
1107	0.02662
1108	0.03244
1109	0.03721
1110	0.03771
1111	0.03256
1112	0.03187
1113	0.03569
1114	0.04114
1115	0.04336
1116	0.04468
1117	0.02771
1118	0.03797
1119	0.03455
1120	0.0466
1121	0.03279
1122	0.03744
1123	0.03035
1124	0.02646
1125	0.0344
1126	0.03639
1127	0.02806
1128	0.04987
1129	0.04576
1130	0.03473
1131	0.04398
1132	0.03567
1133	0.04406
1134	0.04998
1135	0.03248
1136	0.0367
1137	0.02332
1138	0.03717
1139	0.05944
1140	0.0563
1141	0.02537
1142	0.03734
1143	0.01913
1144	0.03877
1145	0.04436
1146	0.05149
1147	0.04916
1148	0.03518
1149	0.03724
1150	0.03551
1151	0.04962
1152	0.04252
1153	0.03879
1154	0.05658
1155	0.0541
1156	0.04256
1157	0.03784
1158	0.04859
1159	0.05105
1160	0.04603
1161	0.03971
1162	0.02441
1163	0.02888
1164	0.03271
1165	0.04407
1166	0.04971
1167	0.03647
1168	0.03288
1169	0.03574
1170	0.05076
1171	0.04424
1172	0.03199
1173	0.02895
1174	0.04294
1175	0.04727
1176	0.05106
1177	0.04445
1178	0.03757
1179	0.03622
1180	0.03621
1181	0.02613
1182	0.03592
1183	0.03098
1184	0.07131
1185	0.04366
1186	0.03146
1187	0.02986
1188	0.02244
1189	0.02249
1190	0.02218
1191	0.02664
1192	0.02678
1193	0.04244
1194	0.05088
1195	0.03165
1196	0.03141
1197	0.03018
1198	0.02687
1199	0.02902
1200	0.04665
1201	0.04938
1202	0.05059
1203	0.04893
1204	0.03731
1205	0.04227
1206	0.02472
1207	0.03572
1208	0.01768
1209	0.02132
1210	0.02214
1211	0.05009
1212	0.04912
1213	0.04059
1214	0.02985
1215	0.03361
1216	0.02857
1217	0.02521
1218	0.02751
1219	0.02725
1220	0.03903
1221	0.03156
1222	0.02688
1223	0.03583
1224	0.04646
1225	0.06152
1226	0.05299
1227	0.03272
1228	0.03417
1229	0.04191
1230	0.03039
1231	0.05113
1232	0.0547
1233	0.04474
1234	0.03244
1235	0.04486
1236	0.03283
1237	0.03859
1238	0.03751
1239	0.04071
1240	0.03059
1241	0.0605
1242	0.03605
1243	0.04079
1244	0.04814
1245	0.04421
1246	0.04575
1247	0.03425
1248	0.02775
1249	0.04758
1250	0.04456
1251	0.04451
1252	0.03315
1253	0.03372
1254	0.04227
1255	0.05534
1256	0.04441
1257	0.04704
1258	0.04027
1259	0.03678
1260	0.02648
1261	0.04107
1262	0.02952
1263	0.03391
1264	0.02737
1265	0.01869
1266	0.0266
1267	0.03418
1268	0.03747
1269	0.04456
1270	0.05068
1271	0.03681
1272	0.04557
1273	0.04816
1274	0.04258
1275	0.0486
1276	0.05488
1277	0.04802
1278	0.03732
1279	0.03704
1280	0.02426
1281	0.03433
1282	0.04682
1283	0.05031
1284	0.0398
1285	0.04364
1286	0.05158
1287	0.0371
1288	0.03315
1289	0.03607
1290	0.03118
1291	0.03705
1292	0.04209
1293	0.03396
1294	0.03751
1295	0.04675
1296	0.02705
1297	0.0561
1298	0.05894
1299	0.04557
1300	0.04461
1301	0.03465
1302	0.03642
1303	0.03535
1304	0.03504
1305	0.04978
1306	0.04172
1307	0.05371
1308	0.03669
1309	0.02927
1310	0.01698
1311	0.02881
1312	0.02005
1313	0.04248
1314	0.04539
1315	0.05019
1316	0.03574
1317	0.03257
1318	0.04284
1319	0.03524
1320	0.0232
1321	0.04184
1322	0.05309
1323	0.03431
1324	0.03179
1325	0.03105
1326	0.04733
1327	0.04569
1328	0.0474
1329	0.02975
1330	0.04315
1331	0.02329
1332	0.03096
1333	0.0238
1334	0.03626
1335	0.05906
1336	0.03438
1337	0.03596
1338	0.02689
1339	0.03183
1340	0.03698
1341	0.02932
1342	0.03107
1343	0.04135
1344	0.0372
1345	0.03916
1346	0.05462
1347	0.04381
1348	0.03464
1349	0.04277
1350	0.03316
1351	0.02919
1352	0.03506
1353	0.04051
1354	0.03114
1355	0.03237
1356	0.03787
1357	0.05152
1358	0.04091
1359	0.03543
1360	0.03792
1361	0.04624
1362	0.0444
1363	0.02538
1364	0.02253
1365	0.02672
1366	0.02942
1367	0.0646
1368	0.04436
1369	0.06867
1370	0.06293
1371	0.03528
1372	0.0378
1373	0.04101
1374	0.03133
1375	0.02902
1376	0.03853
1377	0.02632
1378	0.02206
1379	0.01787
1380	0.03328
1381	0.03285
1382	0.02747
1383	0.03274
1384	0.04058
1385	0.04441
1386	0.04464
1387	0.0436
1388	0.05078
1389	0.04067
1390	0.03291
1391	0.03543
1392	0.02982
1393	0.05196
1394	0.03156
1395	0.03616
1396	0.03922
1397	0.03007
1398	0.04093
1399	0.03332
1400	0.03006
1401	0.02811
1402	0.04155
1403	0.04563
1404	0.03647
1405	0.03222
1406	0.0574
1407	0.04894
1408	0.03844
1409	0.02789
1410	0.02223
1411	0.02577
1412	0.02344
1413	0.0266
1414	0.03195
1415	0.05528
1416	0.04008
1417	0.06457
1418	0.05057
1419	0.04653
1420	0.03353
1421	0.04682
1422	0.03046
1423	0.04648
1424	0.04209
1425	0.04104
1426	0.03545
1427	0.03146
1428	0.04038
1429	0.03883
1430	0.04358
1431	0.02925
1432	0.03497
1433	0.049
1434	0.03321
1435	0.04352
1436	0.03568
1437	0.02882
1438	0.04723
1439	0.04407
1440	0.05691
1441	0.0342
1442	0.03211
1443	0.03192
1444	0.03155
1445	0.03847
1446	0.03487
1447	0.03586
1448	0.02321
1449	0.03734
1450	0.03634
1451	0.03489
1452	0.0281
1453	0.03568
1454	0.03959
1455	0.03444
1456	0.03891
1457	0.03687
1458	0.04114
1459	0.04451
1460	0.03435
1461	0.03633
1462	0.03851
1463	0.03176
1464	0.03575
1465	0.02846
1466	0.03235
1467	0.04989
1468	0.02751
1469	0.04708
1470	0.04461
1471	0.03786
1472	0.06377
1473	0.05917
1474	0.04419
1475	0.04259
1476	0.03742
1477	0.03196
1478	0.02438
1479	0.03313
1480	0.02922
1481	0.0389
1482	0.04059
1483	0.03991
1484	0.04374
1485	0.06205
1486	0.0501
1487	0.04045
1488	0.03509
1489	0.0353
1490	0.04561
1491	0.03
1492	0.04394
1493	0.04661
1494	0.03336
1495	0.03016
1496	0.03169
1497	0.02432
1498	0.03105
1499	0.02894
1500	0.0408
1501	0.03682
1502	0.04605
1503	0.04458
1504	0.04388
1505	0.02429
1506	0.03037
1507	0.02894
1508	0.04405
1509	0.03862
1510	0.0455
1511	0.04524
1512	0.03408
1513	0.029
1514	0.0303
1515	0.04351
1516	0.03119
1517	0.0269
1518	0.04011
1519	0.05001
1520	0.03325
1521	0.04976
1522	0.05758
1523	0.03774
1524	0.03369
1525	0.03251
1526	0.0514
1527	0.05758
1528	0.04721
1529	0.05972
1530	0.03737
1531	0.02901
1532	0.05421
1533	0.05934
1534	0.04753
1535	0.03679
1536	0.03624
1537	0.0254
1538	0.04193
1539	0.03378
1540	0.03695
1541	0.02617
1542	0.024
1543	0.0285
1544	0.03912
1545	0.03663
1546	0.05305
1547	0.04392
1548	0.03462
1549	0.02276
1550	0.03593
1551	0.05098
1552	0.04968
1553	0.02877
1554	0.01885
1555	0.03331
1556	0.03444
1557	0.03146
1558	0.04034
1559	0.04593
1560	0.05611
1561	0.04036
1562	0.06603
1563	0.03306
1564	0.04511
1565	0.02809
1566	0.02914
1567	0.04131
1568	0.03704
1569	0.05305
1570	0.05455
1571	0.04
1572	0.04412
1573	0.06301
1574	0.04164
1575	0.03422
1576	0.04281
1577	0.03254
1578	0.0322
1579	0.02396
1580	0.0248
1581	0.03575
1582	0.0454
1583	0.03601
1584	0.03099
1585	0.0347
1586	0.03879
1587	0.03671
1588	0.03
1589	0.01965
1590	0.02036
1591	0.02237
1592	0.01505
1593	0.01711
1594	0.01806
1595	0.01604
1596	0.01987
1597	0.02387
1598	0.03015
1599	0.02639
1600	0.04169
1601	0.06997
1602	0.05735
1603	0.03422
1604	0.03396
1605	0.03276
1606	0.04103
1607	0.0341
1608	0.03537
1609	0.03782
1610	0.03191
1611	0.04078
1612	0.03965
1613	0.05805
1614	0.04534
1615	0.0325
1616	0.0341
1617	0.03408
1618	0.04128
1619	0.03456
1620	0.03713
1621	0.04014
1622	0.03999
1623	0.05523
1624	0.05621
1625	0.0503
1626	0.04113
1627	0.04039
1628	0.02678
1629	0.025
1630	0.02268
1631	0.02673
1632	0.02467
1633	0.02837
1634	0.04579
1635	0.04106
1636	0.03342
1637	0.03487
1638	0.03144
1639	0.04128
1640	0.03174
1641	0.03077
1642	0.03357
1643	0.04074
1644	0.03707
1645	0.04308
1646	0.04176
1647	0.04718
1648	0.03962
1649	0.05051
1650	0.0523
1651	0.03474
1652	0.03979
1653	0.04268
1654	0.04114
1655	0.02378
1656	0.0299
1657	0.0247
1658	0.02108
1659	0.04418
1660	0.03742
1661	0.03167
1662	0.03616
1663	0.03051
1664	0.02267
1665	0.0361
1666	0.0415
1667	0.04281
1668	0.05132
1669	0.0327
1670	0.05701
1671	0.02902
1672	0.03918
1673	0.05016
1674	0.04113
1675	0.03835
1676	0.03776
1677	0.03989
1678	0.04626
1679	0.03438
1680	0.04652
1681	0.02891
1682	0.04251
1683	0.03647
1684	0.04367
1685	0.03621
1686	0.03772
1687	0.04383
1688	0.02825
1689	0.0506
1690	0.04121
1691	0.03462
1692	0.0336
1693	0.03396
1694	0.03844
1695	0.04465
1696	0.03689
1697	0.02967
1698	0.03788
1699	0.02824
1700	0.0329
1701	0.02687
1702	0.02104
1703	0.03305
1704	0.03732
1705	0.03603
1706	0.03771
1707	0.0294
1708	0.02694
1709	0.04483
1710	0.03139
1711	0.04301
1712	0.03269
1713	0.0543
1714	0.03735
1715	0.04418
1716	0.02614
1717	0.0417
1718	0.05878
1719	0.03853
1720	0.04414
1721	0.03226
1722	0.03358
1723	0.04458
1724	0.04336
1725	0.02922
1726	0.03183
1727	0.04606
1728	0.04149
1729	0.03062
1730	0.02937
1731	0.03571
1732	0.03521
1733	0.03934
1734	0.04234
1735	0.04594
1736	0.0269
1737	0.03544
1738	0.03827
1739	0.0382
1740	0.04321
1741	0.05142
1742	0.02859
1743	0.04084
1744	0.04798
1745	0.03866
1746	0.03842
1747	0.04434
1748	0.05181
1749	0.04238
1750	0.0308
1751	0.0432
1752	0.03307
1753	0.03769
1754	0.0465
1755	0.04301
1756	0.0392
1757	0.03292
1758	0.02982
1759	0.03372
1760	0.03428
1761	0.06434
1762	0.05232
1763	0.03025
1764	0.04368
1765	0.03996
1766	0.04675
1767	0.06989
1768	0.03952
1769	0.05703
1770	0.0328
1771	0.03514
1772	0.04722
1773	0.03205
1774	0.05191
1775	0.04168
1776	0.02636
1777	0.03928
1778	0.0345
1779	0.05143
1780	0.03079
1781	0.05647
1782	0.05032
1783	0.03574
1784	0.05301
1785	0.03981
1786	0.03249
1787	0.03222
1788	0.04077
1789	0.03788
1790	0.04458
1791	0.05016
1792	0.05094
1793	0.0576
1794	0.03887
1795	0.04721
1796	0.02783
1797	0.03456
1798	0.04434
1799	0.02336
1800	0.03827
1801	0.02766
1802	0.0396
1803	0.03168
1804	0.02786
1805	0.02371
1806	0.03417
1807	0.03084
1808	0.03702
1809	0.03175
1810	0.03051
1811	0.05106
1812	0.03774
1813	0.04224
1814	0.03275
1815	0.02841
1816	0.03256
1817	0.03896
1818	0.03355
1819	0.03257
1820	0.02844
1821	0.02575
1822	0.03632
1823	0.02724
1824	0.03098
1825	0.01964
1826	0.02534
1827	0.02116
1828	0.02485
1829	0.03846
1830	0.03223
1831	0.0246
1832	0.03154
1833	0.02851
1834	0.02011
1835	0.02092
1836	0.03777
1837	0.02056
1838	0.04038
1839	0.02418
1840	0.0465
1841	0.0289
1842	0.03621
1843	0.02866
1844	0.03012
1845	0.03614
1846	0.02856
1847	0.02718
1848	0.02099
1849	0.01752
1850	0.04983
1851	0.06277
1852	0.06965
1853	0.04214
1854	0.02771
1855	0.04007
1856	0.03709
1857	0.04225
1858	0.04723
1859	0.02204
1860	0.03438
1861	0.03999
1862	0.0441
1863	0.04659
1864	0.04053
1865	0.03338
1866	0.04695
1867	0.0338
1868	0.0423
1869	0.04446
1870	0.04224
1871	0.04339
1872	0.04328
1873	0.05021
1874	0.05282
1875	0.03918
1876	0.02485
1877	0.01853
1878	0.02725
1879	0.05034
1880	0.03392
1881	0.03547
1882	0.03693
1883	0.0419
1884	0.02686
1885	0.02345
1886	0.02395
1887	0.02659
1888	0.03165
1889	0.04451
1890	0.0379
1891	0.06396
1892	0.04698
1893	0.04305
1894	0.03178
1895	0.03433
1896	0.02855
1897	0.02775
1898	0.0491
1899	0.0512
1900	0.04161
1901	0.05157
1902	0.03158
1903	0.04424
1904	0.03934
1905	0.02639
1906	0.03803
1907	0.05657
1908	0.05154
1909	0.03968
1910	0.04845
1911	0.02418
1912	0.03038
1913	0.0344
1914	0.05139
1915	0.0514
1916	0.045
1917	0.04312
1918	0.04301
1919	0.03042
1920	0.03093
1921	0.04759
1922	0.0423
1923	0.03404
1924	0.02134
1925	0.04057
1926	0.03655
1927	0.03215
1928	0.03438
1929	0.04252
1930	0.03191
1931	0.04157
1932	0.04779
1933	0.06297
1934	0.0347
1935	0.04333
1936	0.03307
1937	0.04051
1938	0.03652
1939	0.0516
1940	0.0391
1941	0.03004
1942	0.0211
1943	0.03826
1944	0.02861
1945	0.04884
1946	0.04743
1947	0.0288
1948	0.03625
1949	0.03364
1950	0.04866
1951	0.05495
1952	0.04675
1953	0.0288
1954	0.0202
1955	0.02869
1956	0.02856
1957	0.02381
1958	0.02884
1959	0.03005
1960	0.02419
1961	0.03309
1962	0.03175
1963	0.02739
1964	0.02239
1965	0.02434
1966	0.01847
1967	0.02299
1968	0.02431
1969	0.0271
1970	0.03513
1971	0.04428
1972	0.05605
1973	0.03346
1974	0.03893
1975	0.03494
1976	0.0361
1977	0.02697
1978	0.03288
1979	0.03567
1980	0.03796
1981	0.04296
1982	0.0428
1983	0.06167
1984	0.03337
1985	0.02485
1986	0.03193
1987	0.02784
1988	0.04349
1989	0.05032
1990	0.0492
1991	0.03449
1992	0.03405
1993	0.04166
1994	0.04626
1995	0.03157
1996	0.02491
1997	0.02643
1998	0.03458
1999	0.03924
2000	0.04571
